	sequences per sample	iteration	515rcbc12	515rcbc30	515rcbc15	515rcbc28	515rcbc25	515rcbc14	515rcbc31	515rcbc24	515rcbc22	515rcbc34	515rcbc23	515rcbc26	515rcbc29	515rcbc35	515rcbc10	515rcbc27	515rcbc17	515rcbc33	515rcbc19	515rcbc16	515rcbc32	515rcbc37	515rcbc13	515rcbc18	515rcbc9	515rcbc11	515rcbc21	515rcbc8	515rcbc36	515rcbc20
alpha_rarefaction_10_0.txt	10	0	55.0	23.0	55.0	55.0	55.0	55.0	55.0	23.0	55.0	23.0	55.0	55.0	55.0	55.0	55.0	55.0	55.0	55.0	55.0	55.0	55.0	55.0	23.0	55.0	55.0	55.0	55.0	55.0	55.0	55.0
alpha_rarefaction_10_1.txt	10	1	55.0	55.0	23.0	55.0	55.0	23.0	55.0	23.0	55.0	55.0	55.0	55.0	55.0	55.0	55.0	55.0	55.0	55.0	55.0	55.0	55.0	55.0	55.0	55.0	55.0	55.0	55.0	55.0	29.0	55.0
alpha_rarefaction_10_2.txt	10	2	55.0	55.0	55.0	23.0	55.0	23.0	13.0	55.0	55.0	23.0	23.0	55.0	23.0	23.0	23.0	55.0	55.0	55.0	55.0	55.0	55.0	55.0	55.0	55.0	55.0	23.0	55.0	55.0	55.0	55.0
alpha_rarefaction_10_3.txt	10	3	55.0	55.0	29.0	23.0	23.0	55.0	55.0	55.0	23.0	55.0	55.0	55.0	55.0	23.0	23.0	23.0	55.0	55.0	55.0	55.0	55.0	55.0	55.0	55.0	23.0	55.0	55.0	55.0	23.0	23.0
alpha_rarefaction_10_4.txt	10	4	23.0	55.0	55.0	55.0	55.0	55.0	55.0	55.0	23.0	55.0	23.0	29.0	55.0	55.0	55.0	55.0	55.0	23.0	23.0	55.0	55.0	55.0	55.0	55.0	55.0	55.0	55.0	55.0	55.0	55.0
alpha_rarefaction_10_5.txt	10	5	55.0	55.0	55.0	55.0	55.0	23.0	55.0	55.0	55.0	55.0	55.0	55.0	55.0	55.0	55.0	55.0	23.0	23.0	55.0	55.0	55.0	55.0	55.0	55.0	55.0	55.0	55.0	55.0	55.0	55.0
alpha_rarefaction_10_6.txt	10	6	55.0	55.0	55.0	55.0	55.0	55.0	55.0	55.0	55.0	55.0	55.0	23.0	55.0	55.0	55.0	55.0	55.0	23.0	55.0	55.0	55.0	55.0	55.0	55.0	55.0	55.0	23.0	55.0	55.0	55.0
alpha_rarefaction_10_7.txt	10	7	55.0	55.0	55.0	55.0	55.0	23.0	55.0	55.0	23.0	55.0	55.0	55.0	55.0	55.0	23.0	55.0	55.0	29.0	23.0	23.0	13.0	55.0	55.0	55.0	55.0	23.0	55.0	13.0	23.0	23.0
alpha_rarefaction_10_8.txt	10	8	55.0	55.0	13.0	55.0	55.0	55.0	55.0	55.0	55.0	13.0	55.0	55.0	55.0	23.0	55.0	55.0	55.0	23.0	55.0	23.0	23.0	55.0	55.0	23.0	55.0	55.0	55.0	55.0	55.0	55.0
alpha_rarefaction_10_9.txt	10	9	55.0	55.0	55.0	55.0	55.0	55.0	23.0	55.0	55.0	55.0	23.0	55.0	23.0	55.0	55.0	55.0	55.0	23.0	55.0	55.0	55.0	23.0	55.0	55.0	55.0	55.0	55.0	55.0	55.0	23.0
alpha_rarefaction_69_0.txt	69	0	490.75	302.0	261.166666667	205.0	235.166666667	195.111111111	393.6	262.166666667	830.0	265.428571429	318.666666667	225.75	261.166666667	506.5	265.428571429	291.0	170.8	269.2	265.428571429	554.0	369.0	554.25	318.666666667	265.428571429	403.5	593.0	613.0	350.0	227.5	318.666666667
alpha_rarefaction_69_1.txt	69	1	490.75	289.666666667	169.142857143	429.0	301.0	593.0	403.5	318.666666667	130.25	349.166666667	265.428571429	244.0	291.0	288.666666667	241.142857143	506.5	155.0	592.0	256.857142857	322.2	240.142857143	346.2	613.0	506.5	233.0	214.111111111	461.0	393.6	188.142857143	265.428571429
alpha_rarefaction_69_2.txt	69	2	393.6	363.25	760.333333333	289.666666667	506.5	463.333333333	403.5	979.0	416.75	446.0	574.333333333	241.142857143	308.5	198.0	674.0	358.0	554.25	506.5	334.6	829.0	289.666666667	185.375	204.0	289.666666667	165.1	358.0	506.5	346.2	291.2	205.0
alpha_rarefaction_69_3.txt	69	3	349.166666667	262.166666667	633.333333333	291.0	482.0	226.5	289.666666667	461.0	446.0	225.75	506.5	369.0	318.666666667	195.111111111	288.666666667	358.0	461.0	613.0	318.666666667	323.2	177.111111111	554.25	155.0	369.0	460.0	446.0	349.166666667	247.625	277.75	318.666666667
alpha_rarefaction_69_4.txt	69	4	760.333333333	633.333333333	187.5	201.857142857	416.75	389.5	226.5	135.0	247.625	318.666666667	674.0	358.0	218.375	182.0	168.142857143	554.25	381.2	388.5	247.625	402.5	417.75	218.375	358.0	506.5	349.166666667	198.0	431.0	261.0	389.5	393.6
alpha_rarefaction_69_5.txt	69	5	349.166666667	265.428571429	461.0	445.0	148.6	289.666666667	182.333333333	506.5	1173.5	225.75	247.625	244.0	232.6	265.428571429	188.666666667	280.0	214.111111111	208.428571429	349.166666667	490.75	235.166666667	393.6	177.111111111	291.0	233.0	430.25	289.666666667	389.5	236.166666667	358.0
alpha_rarefaction_69_6.txt	69	6	349.166666667	393.6	349.166666667	313.0	191.125	350.0	334.6	225.75	252.0	334.6	393.6	241.142857143	349.166666667	313.0	334.6	280.0	506.5	154.857142857	431.0	369.0	291.2	318.666666667	506.5	280.0	214.111111111	291.2	233.0	431.0	202.857142857	233.0
alpha_rarefaction_69_7.txt	69	7	431.0	241.142857143	633.333333333	165.1	280.0	270.5	490.75	346.2	490.75	289.666666667	760.333333333	187.5	308.5	358.0	695.333333333	431.0	187.5	251.0	265.428571429	613.0	323.2	349.166666667	211.125	291.0	159.111111111	490.75	291.0	248.428571429	218.142857143	506.5
alpha_rarefaction_69_8.txt	69	8	431.0	393.6	148.083333333	346.2	188.666666667	235.166666667	191.125	324.2	346.2	241.142857143	389.5	177.111111111	506.5	346.2	214.111111111	506.5	308.5	231.6	554.25	667.5	308.5	289.666666667	214.111111111	695.333333333	461.0	210.428571429	431.0	291.0	235.166666667	233.0
alpha_rarefaction_69_9.txt	69	9	979.0	195.428571429	265.428571429	281.6	357.0	185.375	381.2	358.0	205.0	210.666666667	247.625	280.0	289.666666667	227.5	318.666666667	506.5	318.666666667	158.111111111	265.428571429	298.5	357.0	393.6	247.625	214.111111111	253.0	346.2	291.0	235.166666667	137.666666667	431.0
alpha_rarefaction_128_0.txt	128	0	691.0	447.25	493.6	559.0	273.125	537.111111111	608.0	629.25	364.071428571	495.909090909	313.833333333	570.111111111	249.588235294	384.583333333	325.25	393.071428571	370.153846154	701.0	481.083333333	756.428571429	614.875	744.857142857	514.5	639.3	554.5	480.083333333	370.625	406.230769231	262.230769231	570.111111111
alpha_rarefaction_128_1.txt	128	1	643.272727273	538.111111111	320.076923077	884.2	475.111111111	557.857142857	565.0	801.666666667	408.363636364	292.066666667	951.666666667	340.076923077	490.0	527.333333333	374.75	574.6	311.5	280.235294118	481.083333333	504.5	407.230769231	957.857142857	344.071428571	399.5	355.461538462	414.076923077	365.071428571	423.0	377.0	697.666666667
alpha_rarefaction_128_2.txt	128	2	543.090909091	739.0	454.833333333	357.0	477.125	474.1	199.375	469.090909091	384.153846154	383.583333333	359.333333333	564.0	487.545454545	333.4	445.230769231	453.461538462	284.6875	686.0	552.75	792.2	834.5	689.0	596.1	524.6	622.142857143	412.75	628.25	318.071428571	219.071428571	592.666666667
alpha_rarefaction_128_3.txt	128	3	415.0	333.4375	310.666666667	457.0	495.6	688.0	438.75	457.0	538.111111111	495.6	586.3	409.363636364	505.363636364	376.615384615	397.461538462	394.2	431.1	345.25	1531.75	514.5	554.5	445.230769231	364.071428571	487.545454545	311.5	532.8	374.0	504.5	218.071428571	523.545454545
alpha_rarefaction_128_4.txt	128	4	839.25	352.8	387.066666667	316.0	1017.0	383.153846154	416.909090909	638.111111111	444.230769231	442.090909091	469.153846154	660.428571429	464.5	445.230769231	528.333333333	291.588235294	959.6	357.0	495.909090909	714.142857143	485.333333333	415.75	638.75	629.25	462.5	605.0	345.25	407.363636364	407.363636364	505.363636364
alpha_rarefaction_128_5.txt	128	5	1643.25	421.0	689.0	376.615384615	437.3	448.6	579.333333333	436.714285714	371.214285714	478.272727273	392.071428571	591.5	717.142857143	257.571428571	445.230769231	430.0	392.5	345.230769231	817.142857143	371.214285714	454.0	414.076923077	478.272727273	421.0	614.666666667	494.909090909	323.4	481.083333333	490.0	571.111111111
alpha_rarefaction_128_6.txt	128	6	453.461538462	422.0	901.166666667	282.153846154	407.666666667	917.5	537.111111111	443.090909091	457.0	534.8	447.25	384.153846154	469.090909091	384.272727273	466.0	650.6	269.2	557.0	649.0	514.5	291.066666667	612.363636364	320.875	581.333333333	571.111111111	483.8	448.25	437.076923077	243.3	350.75
alpha_rarefaction_128_7.txt	128	7	580.5	321.076923077	357.0	362.769230769	358.333333333	355.461538462	544.25	647.857142857	382.583333333	495.6	572.090909091	383.153846154	459.5	361.0	494.6	303.176470588	423.0	455.0	603.111111111	384.714285714	406.583333333	401.4	391.5	360.2	428.666666667	408.363636364	451.0	507.111111111	310.5	665.125
alpha_rarefaction_128_8.txt	128	8	684.1	688.0	678.0	422.0	474.111111111	647.857142857	554.5	343.071428571	414.076923077	318.071428571	652.375	303.5	789.0	422.0	614.875	661.0	406.583333333	720.5	453.461538462	580.333333333	368.153846154	384.153846154	570.111111111	391.5	391.769230769	483.8	543.090909091	411.75	369.5	502.461538462
alpha_rarefaction_128_9.txt	128	9	485.153846154	276.555555556	399.461538462	283.5	351.75	607.0	553.5	358.0	532.272727273	363.9375	637.111111111	431.1	463.5	318.071428571	639.75	439.75	461.0	444.25	602.625	504.5	397.5	555.5	370.625	325.714285714	384.153846154	443.090909091	343.588235294	628.25	297.083333333	717.375
alpha_rarefaction_187_0.txt	187	0	993.25	468.588235294	507.315789474	328.285714286	503.214285714	919.0	415.285714286	745.363636364	602.2	533.352941176	395.772727273	577.0	744.153846154	463.666666667	449.714285714	492.052631579	434.0	800.0	668.0	620.769230769	469.055555556	811.714285714	814.75	600.071428571	552.05	505.315789474	551.333333333	503.0	349.8125	481.0
alpha_rarefaction_187_1.txt	187	1	684.166666667	419.55	850.769230769	517.882352941	918.0	540.5625	355.333333333	536.055555556	562.833333333	333.0	976.272727273	847.75	510.0	643.5	633.071428571	442.043478261	459.3125	720.545454545	672.214285714	764.545454545	452.176470588	1018.0	374.222222222	712.769230769	436.333333333	823.333333333	491.15	656.4	371.9375	657.0
alpha_rarefaction_187_2.txt	187	2	664.789473684	693.833333333	481.333333333	448.181818182	399.105263158	475.5	589.0	829.3	422.545454545	480.8125	803.0	371.476190476	762.461538462	566.75	569.4	488.0	814.0	461.666666667	1262.875	556.055555556	561.214285714	529.272727273	390.217391304	573.666666667	478.0	729.615384615	455.454545455	613.9375	538.071428571	491.045454545
alpha_rarefaction_187_3.txt	187	3	635.333333333	710.769230769	698.571428571	463.0	497.833333333	634.461538462	633.071428571	533.5	526.5	457.0	490.555555556	531.076923077	682.4	526.588235294	506.166666667	750.928571429	872.5	560.0	658.0	893.583333333	496.833333333	453.260869565	397.375	662.571428571	738.714285714	501.0	588.352941176	986.5	414.894736842	821.428571429
alpha_rarefaction_187_4.txt	187	4	929.5	440.0	458.0	463.05	974.666666667	756.083333333	547.058823529	778.5	882.5	792.090909091	557.0	581.8125	518.05	457.0	670.214285714	516.681818182	500.476190476	609.235294118	615.9375	614.428571429	627.583333333	611.666666667	820.428571429	517.882352941	534.5	529.352941176	808.0	860.153846154	413.25	543.894736842
alpha_rarefaction_187_5.txt	187	5	523.454545455	374.055555556	520.882352941	473.25	509.555555556	471.4	709.769230769	624.714285714	511.555555556	721.545454545	612.235294118	527.4	544.75	723.153846154	586.526315789	639.066666667	490.647058824	690.833333333	557.055555556	474.5	772.0	589.352941176	547.142857143	623.625	591.4	409.5	439.954545455	1212.375	301.055555556	448.181818182
alpha_rarefaction_187_6.txt	187	6	815.5	531.5	790.090909091	576.0	461.0	525.5	613.9375	396.0	588.352941176	652.076923077	465.136363636	586.769230769	444.25	389.55	473.714285714	520.0	702.4	554.875	493.052631579	686.058823529	347.714285714	655.4	716.25	615.9375	679.928571429	483.5	521.0	657.0	420.368421053	494.052631579
alpha_rarefaction_187_7.txt	187	7	776.875	911.0	453.454545455	748.0	437.75	539.666666667	583.666666667	757.083333333	663.571428571	589.352941176	483.3	412.352941176	529.105263158	566.125	488.647058824	710.5	453.454545455	751.909090909	675.0625	462.0	386.0	454.454545455	653.0	543.176470588	632.461538462	671.214285714	483.235294118	481.3	651.3	470.913043478
alpha_rarefaction_187_8.txt	187	8	517.05	665.0	542.5625	593.4	541.0	547.368421053	587.0	859.583333333	436.333333333	611.066666667	646.235294118	590.0	709.5	733.5	433.473684211	589.25	625.714285714	760.461538462	709.5	1040.1	496.833333333	710.0	500.157894737	591.25	672.0	442.166666667	806.0	837.272727273	307.05	565.833333333
alpha_rarefaction_187_9.txt	187	9	953.571428571	568.4	386.25	642.5	517.2	446.714285714	689.714285714	671.75	526.5	661.571428571	555.055555556	461.315789474	513.142857143	804.0	506.315789474	587.5	617.428571429	639.5	632.375	672.75	604.3125	691.866666667	419.130434783	816.076923077	502.647058824	615.428571429	497.05	699.4	530.25	690.714285714
alpha_rarefaction_246_0.txt	246	0	852.954545455	693.166666667	669.285714286	628.125	506.6	585.12	670.526315789	863.4	519.535714286	582.714285714	501.956521739	612.555555556	668.285714286	613.555555556	787.0	453.090909091	698.166666667	622.636363636	603.384615385	764.882352941	555.615384615	693.0	753.526315789	547.884615385	486.545454545	636.230769231	825.315789474	780.75	461.8	674.6
alpha_rarefaction_246_1.txt	246	1	948.647058824	566.2	661.136363636	565.2	440.483870968	756.0	739.75	590.75	773.05	449.6	654.956521739	516.84	896.473684211	654.55	426.096774194	612.0	665.055555556	654.235294118	753.0	497.5	503.4	615.619047619	492.222222222	818.05	435.615384615	750.526315789	706.913043478	782.5	343.125	586.12
alpha_rarefaction_246_2.txt	246	2	1233.21428571	629.714285714	598.454545455	566.2	730.3	747.25	1321.90909091	989.230769231	816.217391304	524.142857143	641.217391304	566.875	957.0	517.84	595.333333333	685.181818182	646.052631579	536.217391304	1057.55555556	777.052631579	526.44	647.0	691.565217391	715.142857143	755.333333333	721.434782609	729.5	578.44	490.0	595.125
alpha_rarefaction_246_3.txt	246	3	717.035714286	715.894736842	762.315789474	623.142857143	600.681818182	1111.0	766.157894737	562.166666667	644.0	623.636363636	750.916666667	568.875	543.677419355	672.5	573.045454545	531.5	614.260869565	594.730769231	464.620689655	1046.57142857	646.65	576.037037037	647.04	859.666666667	667.526315789	590.789473684	613.0	1193.0	458.181818182	692.565217391
alpha_rarefaction_246_4.txt	246	4	836.636363636	507.714285714	848.055555556	613.954545455	634.333333333	604.130434783	754.8	685.65	765.4	535.307692308	760.954545455	482.0	715.142857143	599.3	560.64	554.230769231	672.5	547.652173913	646.04	642.65	734.105263158	806.333333333	581.416666667	826.0	699.058823529	721.285714286	442.285714286	788.875	418.047619048	570.875
alpha_rarefaction_246_5.txt	246	5	813.157894737	592.555555556	601.043478261	585.0	719.0	620.576923077	549.136363636	637.0	719.434782609	576.045454545	616.0	869.0	701.0	645.65	552.5	656.956521739	631.913043478	714.55	677.391304348	519.12	574.045454545	1022.17647059	617.619047619	616.272727273	638.333333333	801.833333333	628.652173913	1001.71428571	532.15	587.12
alpha_rarefaction_246_6.txt	246	6	620.666666667	721.9375	570.0	575.5	519.954545455	869.5	523.954545455	672.5	730.666666667	582.416666667	568.2	472.772727273	578.043478261	596.454545455	547.875	716.545454545	556.12	691.8	1234.4375	781.75	650.157894737	605.551724138	635.913043478	615.24	712.142857143	837.789473684	707.913043478	590.464285714	446.0	523.433333333
alpha_rarefaction_246_7.txt	246	7	963.619047619	583.105263158	817.05	712.555555556	816.882352941	738.545454545	544.555555556	677.454545455	637.8	697.0	677.55	559.142857143	606.444444444	546.0	577.043478261	750.25	411.1875	530.307692308	784.333333333	818.555555556	486.217391304	727.9	583.724137931	762.882352941	553.12	834.0	785.772727273	509.6	576.473684211	523.34375
alpha_rarefaction_246_8.txt	246	8	605.4	976.076923077	866.333333333	637.8	518.954545455	765.055555556	773.166666667	566.260869565	784.333333333	553.652173913	757.8	416.666666667	818.5	503.4	870.125	480.71875	709.25	513.272727273	654.0	753.588235294	557.166666667	522.433333333	541.272727273	1042.0	690.0	1073.46153846	581.785714286	706.913043478	522.571428571	540.37037037
alpha_rarefaction_246_9.txt	246	9	1108.88235294	512.869565217	598.888888889	463.875	485.5	693.473684211	977.666666667	616.619047619	706.25	751.25	741.75	601.714285714	605.681818182	660.0625	799.647058824	745.789473684	675.142857143	962.571428571	917.25	415.1	513.869565217	815.0	581.444444444	1047.57142857	651.55	676.789473684	711.2	747.25	525.555555556	677.142857143
alpha_rarefaction_305_0.txt	305	0	1017.44444444	604.5	590.6875	528.405405405	625.25	584.344827586	732.730769231	767.037037037	678.111111111	597.107142857	746.1	668.24	1111.3	548.833333333	794.884615385	611.5	843.476190476	630.333333333	706.517241379	945.333333333	777.84	654.756756757	621.896551724	570.153846154	747.1	692.0	700.724137931	791.965517241	668.476190476	596.454545455
alpha_rarefaction_305_1.txt	305	1	1198.13043478	491.090909091	677.0	698.935483871	618.444444444	854.666666667	879.894736842	1189.16666667	751.538461538	650.1	521.941176471	611.041666667	592.636363636	791.052631579	528.294117647	696.214285714	1142.875	584.517241379	890.1	678.535714286	745.130434783	653.303030303	821.75	615.028571429	808.307692308	857.5	541.228571429	904.142857143	533.956521739	693.387096774
alpha_rarefaction_305_2.txt	305	2	1020.80769231	1016.5	717.222222222	554.0	728.434782609	879.454545455	610.193548387	1017.5	870.681818182	670.848484848	866.0	666.37037037	564.447368421	625.807692308	802.444444444	1167.05	712.344827586	590.107142857	870.896551724	977.954545455	717.791666667	759.103448276	596.444444444	687.357142857	649.451612903	635.903225806	545.636363636	666.0	570.05	606.117647059
alpha_rarefaction_305_3.txt	305	3	1350.31578947	579.206896552	578.394736842	723.451612903	589.517241379	742.115384615	680.6	724.375	572.794117647	1109.8125	647.15625	571.5	1053.39130435	703.565217391	820.913043478	635.285714286	695.84	699.565217391	857.24	786.541666667	608.2	868.391304348	578.096774194	692.214285714	738.666666667	967.142857143	814.652173913	831.916666667	690.0	614.333333333
alpha_rarefaction_305_4.txt	305	4	997.0	590.6	772.8	684.870967742	718.2	651.137931034	580.344827586	1099.05555556	686.2	578.206896552	629.7	727.375	834.037037037	1105.0	873.681818182	939.64	949.333333333	850.285714286	1000.43478261	755.0	681.6	949.2	685.535714286	599.0	680.4	882.791666667	643.5	879.615384615	540.307692308	715.28125
alpha_rarefaction_305_5.txt	305	5	972.533333333	782.607142857	608.0	665.0	647.0	791.5	721.076923077	761.666666667	810.896551724	928.714285714	773.75	619.896551724	728.035714286	612.384615385	758.8	641.090909091	687.357142857	848.285714286	767.206896552	534.088235294	817.0	1073.18181818	604.032258065	1559.66666667	828.75	855.24	645.96875	541.6	448.230769231	690.666666667
alpha_rarefaction_305_6.txt	305	6	1006.46428571	527.607142857	732.555555556	709.344827586	780.625	643.0	851.375	719.791666667	686.6	816.333333333	866.5	650.0	629.6875	840.0	565.0	852.375	993.714285714	695.12	761.5	808.12	595.107142857	756.535714286	621.75	930.714285714	737.0	804.551724138	866.4	701.384615385	541.565217391	463.666666667
alpha_rarefaction_305_7.txt	305	7	979.5	1024.52631579	555.428571429	845.956521739	821.0	697.384615385	631.0	817.625	782.888888889	558.64	859.24	762.44	740.2	693.84	621.896551724	565.588235294	632.25	660.956521739	1195.58823529	781.888888889	632.576923077	857.5	755.538461538	781.3125	759.666666667	619.6	559.073170732	784.230769231	759.25	673.21875
alpha_rarefaction_305_8.txt	305	8	882.035714286	980.130434783	640.357142857	509.323529412	637.137931034	722.652173913	624.59375	771.12	892.25	589.444444444	713.8	762.0	678.75	636.04	724.652173913	1016.55	780.043478261	818.0	918.434782609	667.222222222	938.882352941	722.636363636	682.387096774	617.03030303	794.4	798.5	558.717948718	965.0	489.555555556	565.588235294
alpha_rarefaction_305_9.txt	305	9	865.5	595.724137931	807.785714286	769.75	563.034482759	633.903225806	849.285714286	695.291666667	793.884615385	831.5	682.363636364	621.75	684.24137931	679.869565217	713.344827586	719.222222222	811.037037037	584.517241379	936.230769231	689.875	816.333333333	751.357142857	648.620689655	765.65625	784.142857143	687.357142857	774.344827586	932.045454545	700.954545455	519.162162162
alpha_rarefaction_364_0.txt	364	0	766.75	944.166666667	694.6	753.757575758	565.25	880.111111111	956.714285714	902.25	686.935483871	712.5	637.926829268	701.34375	737.571428571	688.551724138	795.0	703.763157895	609.341463415	1181.75	870.181818182	548.022727273	621.794117647	822.621621622	624.30952381	714.2	556.075	777.371428571	683.27027027	901.0625	673.956521739	715.526315789
alpha_rarefaction_364_1.txt	364	1	1070.48387097	707.0	716.8	686.153846154	616.285714286	905.0	704.0	1102.04761905	652.5	542.0	627.028571429	1008.4	604.022727273	785.84	690.5625	1047.38461538	906.884615385	666.625	1313.39130435	738.657894737	1140.71428571	867.090909091	915.607142857	899.24137931	1050.41666667	686.5625	908.441176471	843.0	762.0	615.275
alpha_rarefaction_364_2.txt	364	2	1032.83333333	1113.14285714	863.107142857	904.714285714	801.965517241	646.456521739	776.0	791.517241379	911.884615385	698.34375	869.5	669.588235294	720.8	672.90625	668.333333333	934.5	845.677419355	817.7	936.6	668.0	612.0	898.71875	674.0	819.303030303	720.129032258	713.516129032	809.323529412	731.526315789	521.28125	651.170731707
alpha_rarefaction_364_3.txt	364	3	1347.22222222	879.538461538	711.0	838.285714286	729.103448276	684.941176471	1470.16666667	967.416666667	700.657894737	689.894736842	1000.34482759	679.5	997.444444444	866.24	515.026315789	793.277777778	792.1	830.689655172	652.772727273	954.777777778	839.677419355	830.526315789	638.0	881.303030303	737.578947368	808.096774194	789.46875	831.275862069	699.84	753.027777778
alpha_rarefaction_364_4.txt	364	4	1309.28571429	705.724137931	755.6	707.666666667	806.24	1011.37037037	874.875	1024.5	985.25	629.03030303	851.137931034	786.285714286	766.125	734.451612903	890.956521739	723.916666667	865.785714286	997.888888889	947.181818182	753.894736842	666.625	894.035714286	684.317073171	731.27027027	921.535714286	642.317073171	750.025641026	878.5	459.088235294	767.236842105
alpha_rarefaction_364_5.txt	364	5	1248.0	644.8125	924.517241379	903.25	928.222222222	740.636363636	1276.14285714	805.333333333	1007.0	790.032258065	734.636363636	857.12	1060.04	671.454545455	963.038461538	818.333333333	704.387096774	606.135135135	1060.32258065	1176.0	566.483870968	847.0	553.394736842	827.692307692	773.885714286	1107.11538462	590.022727273	971.034482759	476.689655172	724.916666667
alpha_rarefaction_364_6.txt	364	6	950.941176471	746.763157895	707.558823529	653.161290323	782.46875	1026.125	998.6	627.8	772.885714286	722.757575758	1008.09677419	592.682926829	1026.12	875.954545455	742.161290323	822.0	819.434782609	712.526315789	751.756756757	928.7	582.9	748.228571429	748.0625	1107.29166667	762.0	1005.10714286	729.083333333	611.275	627.037037037	793.236842105
alpha_rarefaction_364_7.txt	364	7	1356.11111111	1083.0	659.972972973	656.5	886.84	670.129032258	830.076923077	738.4375	817.096774194	588.394736842	624.219512195	796.1	1002.6	768.535714286	949.555555556	731.083333333	1056.95652174	1379.26086957	808.323529412	925.058823529	707.0	738.65	832.285714286	744.0	611.609756098	839.689655172	857.428571429	905.7	585.2	646.857142857
alpha_rarefaction_364_8.txt	364	8	1189.7	711.363636364	687.153846154	745.228571429	675.527777778	700.666666667	949.64	843.730769231	786.46875	897.1	869.24	751.0	577.466666667	562.428571429	644.75	689.153846154	839.294117647	709.8	828.527777778	714.117647059	508.083333333	988.103448276	665.071428571	860.090909091	669.454545455	679.27027027	576.023255814	1120.0	479.303030303	661.972972973
alpha_rarefaction_364_9.txt	364	9	1093.0	802.0	798.0	869.666666667	661.533333333	729.794117647	755.0	685.085714286	930.344827586	862.538461538	754.71875	1073.45454545	867.65625	613.53125	853.620689655	727.875	781.885714286	817.25	929.344827586	1003.73076923	809.24137931	741.405405405	661.642857143	671.634146341	843.677419355	732.176470588	520.525	777.666666667	599.44	679.731707317
alpha_rarefaction_423_0.txt	423	0	1122.52631579	703.15	670.782608696	1011.19354839	800.941176471	666.162790698	817.263157895	759.243902439	779.236842105	880.689655172	992.228571429	925.387096774	1311.33333333	805.848484848	846.441176471	865.459459459	765.2	864.108108108	1185.51612903	784.348837209	790.717948718	798.136363636	697.666666667	930.162162162	588.625	942.263157895	816.695652174	1024.03225806	672.375	631.803571429
alpha_rarefaction_423_1.txt	423	1	1311.84848485	797.277777778	894.277777778	731.025	713.357142857	975.636363636	1293.88461538	826.823529412	942.428571429	813.894736842	959.238095238	758.243902439	881.486486486	878.875	643.279069767	658.8	1046.59375	827.078947368	890.318181818	796.277777778	899.40625	1035.0	984.636363636	809.146341463	637.222222222	715.666666667	755.534883721	600.326086957	611.0	690.306122449
alpha_rarefaction_423_2.txt	423	2	1412.51612903	891.75	1034.8125	844.166666667	704.027027027	752.813953488	884.216216216	1227.84	975.121212121	855.609756098	840.527777778	544.279069767	1174.38709677	815.884615385	682.0	809.025	751.657894737	807.6	837.069767442	812.894736842	1000.20689655	882.923076923	662.11627907	1222.16129032	811.571428571	884.129032258	830.333333333	942.083333333	443.357142857	876.783783784
alpha_rarefaction_423_3.txt	423	3	940.317073171	880.085714286	743.666666667	979.903225806	786.363636364	865.871794872	921.4375	838.15	835.133333333	772.153846154	717.902439024	677.170731707	803.714285714	1135.5	997.483870968	579.385964912	896.736842105	936.058823529	1036.8125	887.052631579	1079.77777778	725.4	634.30952381	1146.93548387	864.578947368	765.146341463	691.957446809	1002.0	661.161290323	603.909090909
alpha_rarefaction_423_4.txt	423	4	1156.67647059	804.848484848	795.23255814	900.551724138	888.129032258	649.5	1061.3030303	836.090909091	842.097560976	654.813953488	806.840909091	723.363636364	1041.44117647	1055.89655172	731.565217391	917.405405405	878.171428571	901.0	1085.94117647	940.058823529	975.676470588	1167.66666667	762.87755102	929.162162162	962.416666667	803.923076923	687.434782609	762.525	668.777777778	668.222222222
alpha_rarefaction_423_5.txt	423	5	1174.56756757	785.538461538	1118.84	827.657894737	1039.83333333	1236.5	703.763157895	1100.4	823.512195122	567.807692308	1170.9375	612.23255814	969.081081081	899.615384615	943.75	956.166666667	857.176470588	996.625	959.902439024	1317.28571429	809.41025641	835.956521739	739.071428571	877.384615385	1030.0	1063.5	777.826086957	908.4	603.0	665.538461538
alpha_rarefaction_423_6.txt	423	6	1551.625	951.2	926.736842105	685.125	805.2	1045.03225806	895.275	909.0	1054.82352941	724.526315789	803.875	739.80952381	754.375	733.774193548	854.5	670.608695652	933.666666667	1027.7	985.025641026	1192.12903226	669.756756757	1044.10810811	772.0	1051.73684211	830.135135135	865.5	769.046511628	1355.84	715.0	620.56
alpha_rarefaction_423_7.txt	423	7	1153.77777778	903.333333333	672.325	789.684210526	936.5	1160.11111111	778.456521739	958.607142857	1061.55882353	799.977272727	629.6	657.731707317	1095.7	709.666666667	790.717948718	826.625	1122.75	1118.03703704	1004.75675676	995.103448276	674.386363636	1134.17142857	641.222222222	1092.62068966	757.756756757	962.451612903	666.538461538	1002.36363636	541.157894737	750.65
alpha_rarefaction_423_8.txt	423	8	909.956521739	844.0	614.65	771.153846154	802.941176471	868.108108108	1005.11538462	859.459459459	871.161290323	938.516129032	825.642857143	784.783783784	952.757575758	589.7	737.875	869.219512195	905.935483871	846.5	1074.18181818	1169.51724138	713.902439024	836.069767442	788.538461538	860.636363636	665.642857143	820.642857143	695.27027027	939.027027027	812.5	720.222222222
alpha_rarefaction_423_9.txt	423	9	1098.67567568	1084.24	712.428571429	1061.5	856.0	820.625	852.837837838	763.71875	1125.03703704	755.575	855.609756098	749.5	1074.18181818	761.757575758	1115.27586207	798.294117647	857.125	1038.04	986.0	795.875	681.170731707	703.058823529	759.534883721	1035.79411765	1103.1	1217.5	829.333333333	890.052631579	779.0	617.352941176
alpha_rarefaction_482_0.txt	482	0	1453.48648649	1012.36363636	769.065217391	1332.93333333	889.394736842	883.783783784	1050.53846154	928.027777778	913.11627907	972.902439024	1019.26315789	1042.0	1311.29411765	1093.13793103	859.522727273	953.765957447	880.157894737	1175.22222222	1114.87804878	949.923076923	816.2	869.357142857	918.0	965.538461538	1065.25	883.384615385	829.636363636	861.630434783	772.037037037	688.528301887
alpha_rarefaction_482_1.txt	482	1	1692.4516129	818.894736842	990.5625	849.45	707.4	972.028571429	871.384615385	654.125	752.0	873.651162791	801.06	793.522727273	1079.14634146	781.052631579	761.784313725	871.346938776	1143.55172414	888.394736842	931.5625	1109.8	826.675675676	1082.83333333	794.632653061	852.56	881.871794872	1061.73684211	816.069767442	1140.0	791.0	845.522727273
alpha_rarefaction_482_2.txt	482	2	1214.32608696	688.765957447	1118.16129032	1006.56756757	964.8	820.523809524	902.466666667	834.0	948.317073171	983.162162162	893.046511628	1017.375	847.957446809	700.666666667	913.756756757	805.255319149	826.636363636	814.02	933.162790698	936.227272727	844.5	883.5	917.738095238	852.56	727.346938776	992.025641026	996.571428571	1076.39473684	720.666666667	675.684210526
alpha_rarefaction_482_3.txt	482	3	1496.77419355	720.25	960.717948718	851.066666667	788.0	906.021276596	942.0	817.146341463	1229.8	912.12244898	1138.375	852.028571429	955.88372093	958.0	857.028571429	874.651162791	1162.96551724	736.622222222	829.12	928.0	1005.15	1172.67647059	801.318181818	702.105263158	760.784313725	806.024390244	871.346938776	758.375	716.558823529	695.666666667
alpha_rarefaction_482_4.txt	482	4	1359.71794872	907.088235294	1008.15	920.294117647	945.75	903.756756757	895.534883721	915.142857143	802.782608696	968.0	984.7	1490.43478261	1234.44117647	923.947368421	815.5	844.108695652	834.282608696	1099.7	1043.875	687.875	806.277777778	917.92	810.893617021	1068.24324324	1033.88571429	968.078947368	1031.15625	1188.68421053	861.037037037	798.770833333
alpha_rarefaction_482_5.txt	482	5	1659.53125	720.12244898	1168.67647059	1052.77777778	932.625	1107.8	1024.21621622	1006.52777778	961.375	930.027777778	1142.07894737	997.405405405	1228.11764706	1017.78571429	860.0	835.489795918	832.4	809.552631579	1051.38297872	984.558139535	711.734693878	944.52	677.06	976.857142857	1035.48648649	1357.10714286	955.977272727	1057.45945946	579.024390244	686.677966102
alpha_rarefaction_482_6.txt	482	6	1316.525	937.552631579	927.090909091	1037.36363636	777.857142857	981.341463415	1046.88571429	1174.79411765	1285.88888889	1030.15625	863.591836735	851.717391304	894.317073171	939.823529412	702.477272727	856.117647059	1001.52941176	1089.94117647	1186.56756757	874.071428571	983.9375	867.0	1078.22857143	964.47826087	884.926829268	1073.525	828.333333333	1128.52941176	673.5	704.220338983
alpha_rarefaction_482_7.txt	482	7	1315.525	700.666666667	815.553191489	871.5	803.024390244	754.222222222	808.714285714	991.026315789	951.027027027	820.523809524	937.466666667	774.272727273	1095.41666667	802.108108108	788.75	941.47826087	817.069767442	1071.27777778	791.375	1014.025	1061.83783784	1053.0	681.446808511	1026.53488372	844.857142857	908.634146341	738.255319149	1164.77777778	543.365853659	711.241935484
alpha_rarefaction_482_8.txt	482	8	1296.32608696	973.294117647	869.348837209	828.692307692	938.275	1253.0	860.0	1212.82352941	914.825	783.826086957	875.6	1032.17647059	872.902439024	942.823529412	864.5	742.0	915.825	823.625	1055.25	990.375	820.146341463	859.522727273	896.279069767	961.375	1093.02777778	1171.66666667	918.0	879.071428571	754.161290323	706.596491228
alpha_rarefaction_482_9.txt	482	9	1302.81818182	722.25	1014.0	790.638297872	827.568181818	1011.5	1078.41025641	826.692307692	1236.90322581	942.275	1151.08571429	885.783783784	1094.41666667	1087.94117647	968.277777778	968.022222222	945.153846154	798.108108108	1250.17647059	1277.72413793	832.657894737	912.520833333	838.333333333	900.565217391	876.219512195	1023.24390244	740.018181818	943.275	735.117647059	683.654545455
alpha_rarefaction_541_0.txt	541	0	1615.85714286	875.0	1026.51219512	925.264150943	1015.6	995.826086957	829.333333333	886.022222222	1101.95833333	1140.42857143	834.181818182	935.4	1155.07142857	787.024390244	810.117647059	877.660377358	875.23255814	999.318181818	1081.24528302	1185.23684211	1007.07894737	1156.06818182	808.042553191	993.5	954.022222222	1146.76595745	782.466666667	912.0	632.068181818	713.850746269
alpha_rarefaction_541_1.txt	541	1	1356.54901961	916.717391304	939.023809524	1124.5	823.8	943.245283019	1054.8372093	975.88372093	1232.06818182	735.72	900.058823529	1002.02631579	889.918367347	905.0	1014.07894737	1006.55319149	991.645833333	1077.05263158	1170.8372093	1138.92307692	959.523809524	1003.875	851.0	933.8	1068.48837209	1184.16666667	843.882352941	1084.46666667	625.621621622	803.175438596
alpha_rarefaction_541_2.txt	541	2	1452.0	893.926829268	1104.62162162	942.282608696	974.4	1213.5	989.234042553	976.56	847.25	832.285714286	926.826086957	996.375	1043.07843137	766.571428571	1109.59375	911.333333333	817.893617021	928.222222222	936.0	922.12244898	832.636363636	1033.0	948.62	1053.875	1068.07142857	1075.25	940.108695652	1125.40425532	679.216216216	723.5
alpha_rarefaction_541_3.txt	541	3	1171.7254902	978.272727273	1076.83783784	861.717391304	1052.18421053	968.56097561	1037.66666667	931.0	890.357142857	1132.0	980.306122449	768.172413793	1093.25531915	1182.9375	940.568181818	881.346938776	997.826086957	1084.83333333	1299.95652174	1028.36585366	845.222222222	1203.81818182	951.5	1008.19607843	786.471698113	960.06122449	1175.34090909	1094.25531915	674.238095238	798.267857143
alpha_rarefaction_541_4.txt	541	4	1479.95744681	840.6875	1263.57142857	994.25	827.936170213	942.0	1140.92307692	1048.25641026	873.609756098	862.717391304	796.833333333	865.725490196	1057.35714286	889.56097561	1105.02380952	881.565217391	939.020408163	1117.65	1071.56	1112.66666667	1084.88571429	870.684210526	838.87755102	1094.12	887.788461538	1066.0	908.4	960.317073171	760.5	847.773584906
alpha_rarefaction_541_5.txt	541	5	1170.13207547	959.418604651	1020.25531915	962.903846154	825.622222222	861.622641509	915.021276596	1016.15789474	946.5625	1012.44186047	989.026315789	934.023809524	863.2	874.636363636	965.5	1203.81395349	1186.23684211	1070.04255319	1118.1875	852.732142857	865.568181818	1170.56097561	884.0	1194.25	1033.0	1115.97826087	707.948275862	1025.66666667	716.027027027	748.322033898
alpha_rarefaction_541_6.txt	541	6	1322.91836735	866.23255814	888.153846154	1138.66666667	833.282608696	1448.71875	1299.03225806	974.25	926.06122449	725.305084746	842.659574468	1099.36585366	960.944444444	946.5	664.701754386	994.108695652	1118.68292683	983.609756098	1127.87755102	1475.29411765	946.5	1263.59574468	949.294117647	1015.25531915	825.234042553	839.12	877.352941176	1023.85714286	660.275	795.178571429
alpha_rarefaction_541_7.txt	541	7	1432.93478261	871.630434783	880.346938776	931.0	948.227272727	953.590909091	722.157894737	1065.32608696	902.058823529	818.960784314	1154.90243902	1041.48648649	1126.65	835.0	856.125	1044.15384615	1047.25641026	1165.21875	1416.33333333	1063.02222222	1087.32352941	1071.28571429	793.019230769	1071.05882353	883.80952381	986.976744186	849.7	1074.34883721	664.486486486	784.0
alpha_rarefaction_541_8.txt	541	8	1086.16666667	881.083333333	872.4375	908.306122449	918.021276596	924.0	1028.44897959	1030.39473684	864.684210526	1040.55263158	1327.11627907	974.538461538	1059.8372093	797.108695652	794.018518519	1130.02325581	957.418604651	775.75	1179.58333333	791.0	934.108695652	1013.89361702	676.438596491	950.263157895	981.418604651	1115.46666667	962.418604651	963.12244898	646.923076923	669.353846154
alpha_rarefaction_541_9.txt	541	9	1314.13333333	1158.90625	971.372093023	942.886363636	947.227272727	851.132075472	893.133333333	1152.65789474	827.442307692	971.204081633	906.58490566	731.789473684	1349.27777778	813.136363636	739.12244898	1030.85714286	785.0	876.32	1136.1875	948.733333333	1177.5625	1039.5	651.428571429	1001.77272727	1120.5	1087.63636364	1100.34090909	995.113207547	586.434782609	783.666666667
alpha_rarefaction_600_0.txt	600	0	1673.36585366	959.903846154	1079.14285714	929.078431373	834.442307692	1036.6	1278.90243902	904.734693878	1010.91836735	1202.94736842	1044.10909091	1037.46808511	1205.0	1182.67647059	1194.75	1105.80769231	1097.0	1055.35714286	1126.96078431	1089.24528302	792.01754386	984.949152542	953.454545455	1217.23809524	998.888888889	1306.22222222	1046.22222222	1039.82	737.428571429	868.344827586
alpha_rarefaction_600_1.txt	600	1	1466.2826087	924.021276596	881.0	1073.32608696	1064.33333333	1081.92307692	939.06122449	1027.51851852	926.25	906.734693878	903.044776119	866.529411765	1069.3125	863.56	884.018181818	869.245901639	737.272727273	1280.27027027	1522.275	1200.3125	817.016949153	1153.12244898	835.178571429	977.196721311	1131.52	1048.0	1071.68518519	1162.14583333	796.363636364	726.408450704
alpha_rarefaction_600_2.txt	600	2	1513.44680851	1220.12195122	1123.22727273	941.549019608	1566.46428571	989.375	1397.28571429	1128.93617021	864.092307692	1187.06666667	946.428571429	918.0	1069.38297872	810.368421053	927.204081633	965.52	1077.02222222	1262.56097561	998.655737705	1247.21276596	974.692307692	956.471698113	1039.78947368	1206.5	991.019607843	1127.33333333	777.610169492	1247.31707317	842.263157895	667.585365854
alpha_rarefaction_600_3.txt	600	3	1692.13333333	955.020408163	803.166666667	1010.68518519	854.170212766	890.909090909	1212.46666667	832.178571429	918.4	927.631578947	849.781818182	801.267857143	1232.79069767	1128.33333333	796.75	1081.10909091	959.185185185	1060.22	1059.6	1156.44897959	895.518518519	942.114754098	1013.66666667	839.692307692	1205.17073171	1146.12244898	952.428571429	980.654545455	1131.03846154	737.253521127
alpha_rarefaction_600_4.txt	600	4	1822.06976744	929.12244898	961.245283019	795.101694915	763.175438596	851.948275862	887.454545455	1165.48837209	931.018181818	788.051724138	1039.78947368	751.322033898	1086.32608696	1320.88571429	737.734693878	1026.61538462	911.58490566	1374.55263158	1438.15	1025.4	1067.02439024	1212.81395349	661.5	1252.2	909.4	1431.25	899.948275862	1077.25	783.5	782.838235294
alpha_rarefaction_600_5.txt	600	5	1194.13207547	960.196078431	1055.32	970.765957447	951.192307692	1136.40425532	1086.46666667	875.684210526	968.103448276	1055.38297872	1001.93617021	831.178571429	908.898305085	882.022222222	1015.09756098	847.095238095	1308.22222222	939.568181818	1248.88888889	1117.52941176	768.82	1492.39473684	764.758064516	1094.27272727	914.4	938.8	912.442307692	1026.69230769	1121.0	719.868421053
alpha_rarefaction_600_6.txt	600	6	1844.2195122	922.021276596	1100.8125	1064.66666667	995.936170213	1002.91836735	947.557692308	1051.38636364	979.528301887	975.528301887	947.417910448	909.571428571	1316.27272727	891.9375	830.101694915	889.018181818	717.327868852	1322.37142857	968.164179104	1126.28571429	1120.23809524	1096.04255319	914.115384615	1467.6097561	995.571428571	1113.78846154	1010.88888889	1238.06818182	1012.90625	749.142857143
alpha_rarefaction_600_7.txt	600	7	1729.4	916.25	937.92	1021.25531915	891.052631579	1070.5	1164.07142857	1141.0	911.381818182	886.684210526	1281.73809524	759.482758621	1195.1	927.11627907	851.775862069	1042.6	807.654545455	1064.65116279	1009.13432836	972.058823529	963.8125	1181.0	853.769230769	1066.36538462	997.4375	1020.36842105	977.788461538	1250.7826087	901.583333333	825.4
alpha_rarefaction_600_8.txt	600	8	1364.11111111	906.058823529	1224.0	1058.4	1314.0	878.132075472	1278.25641026	1063.38297872	977.25862069	1100.76315789	1055.32	1296.875	1320.07142857	1021.47727273	1038.6875	1139.5	958.245283019	1073.46808511	1028.15789474	950.406779661	989.902439024	1156.35849057	1049.90384615	991.084745763	1388.13513514	1170.26315789	955.701754386	1210.20833333	918.0	805.887096774
alpha_rarefaction_600_9.txt	600	9	1834.90243902	928.826086957	992.272727273	1019.61538462	1065.7173913	949.319148936	946.319148936	920.166666667	953.017241379	941.981132075	1233.0212766	1205.775	1156.45652174	1136.83783784	1050.32	1124.13636364	1482.97297297	1092.13953488	1080.67241379	1070.78431373	780.901639344	1152.60869565	820.318181818	1100.51724138	842.355932203	1162.375	831.2	1026.0	887.108108108	706.28