	sequences per sample	iteration	515rcbc12	515rcbc30	515rcbc15	515rcbc28	515rcbc25	515rcbc14	515rcbc31	515rcbc24	515rcbc22	515rcbc34	515rcbc23	515rcbc26	515rcbc29	515rcbc35	515rcbc10	515rcbc27	515rcbc17	515rcbc33	515rcbc19	515rcbc16	515rcbc32	515rcbc37	515rcbc13	515rcbc18	515rcbc9	515rcbc11	515rcbc21	515rcbc8	515rcbc36	515rcbc20
alpha_rarefaction_10_0.txt	10	0	3.722	4.1721	3.39205	3.53048	3.35466	4.07703	3.2902	4.94218	4.23115	3.37401	4.43343	3.60343	3.11455	3.06211	3.18916	4.7614	3.68166	3.44796	4.67473	3.86128	2.96052	4.38325	3.2588	3.56414	3.8329	4.16056	3.36499	3.25138	3.91039	3.31601
alpha_rarefaction_10_1.txt	10	1	3.94558	4.98521	3.42751	4.20639	4.56467	2.32975	3.54972	3.89812	3.36024	3.19919	3.80859	4.52867	4.04486	4.89272	3.80414	4.14105	2.99872	3.20262	3.89076	3.70077	3.53558	3.76227	2.35857	3.44648	4.04454	3.69092	3.34909	3.82706	2.78092	4.22587
alpha_rarefaction_10_2.txt	10	2	4.77118	3.29697	3.87265	3.96507	3.07152	3.36515	3.73553	4.31825	3.35314	2.673	3.49852	3.70165	4.00079	3.21193	3.34672	3.38455	3.87334	4.28028	3.71646	3.59962	3.4299	4.53683	4.40452	4.26613	4.13162	3.24464	3.93796	3.0098	4.27195	4.22904
alpha_rarefaction_10_3.txt	10	3	3.79984	4.41742	2.652	4.48268	3.59507	4.65772	3.85345	3.03904	4.50556	3.77091	3.58314	4.41953	3.57376	2.5063	3.34084	4.14577	3.9871	4.23267	4.60164	3.43036	3.648	3.83829	3.70304	3.71126	5.12619	4.30477	3.11088	3.84634	3.59379	3.23999
alpha_rarefaction_10_4.txt	10	4	3.73452	3.75796	3.15938	4.29536	3.30981	3.48295	2.91912	4.49813	3.12378	3.58714	4.19541	3.10282	3.53068	3.89503	3.38873	3.08088	3.58012	2.93582	3.21085	3.26545	3.52285	4.34388	3.92625	5.19883	3.6135	3.42727	3.03895	4.45201	3.68019	3.9868
alpha_rarefaction_10_5.txt	10	5	3.32644	3.61945	3.20026	3.50013	3.7667	4.3851	3.92758	3.19212	3.91222	3.60379	3.30505	5.41675	3.44234	4.13962	4.94792	2.01927	4.2011	3.06295	3.97452	3.90677	2.67999	4.11701	3.02715	5.46719	3.62214	3.01825	3.97106	4.5859	4.18477	3.46914
alpha_rarefaction_10_6.txt	10	6	4.30152	4.03464	4.08876	4.06156	4.16554	4.05247	3.26729	3.03505	3.84897	2.48759	3.51835	4.28672	3.05547	4.61096	3.21132	3.36261	3.28767	3.48966	4.26108	4.04852	3.21203	3.76194	4.22695	3.61616	3.61635	4.41477	2.56875	4.10244	3.3788	3.43596
alpha_rarefaction_10_7.txt	10	7	3.32856	3.70604	3.81165	3.59515	3.56752	3.42945	4.90919	4.01575	3.65063	5.59209	3.56973	4.73554	4.02293	2.88543	3.88001	4.23099	4.50313	3.38414	4.06544	3.90902	2.75936	4.10852	3.63338	3.33502	4.01625	3.67829	5.02662	3.03627	3.84129	3.50641
alpha_rarefaction_10_8.txt	10	8	3.57296	4.02977	3.03344	4.1815	3.56821	3.7461	4.01544	4.36462	4.61841	3.24841	3.90653	2.9574	4.4502	2.34909	3.93695	4.1455	3.94303	4.52826	5.15244	3.48871	3.14904	3.07403	3.14017	3.75388	4.83748	4.15377	4.15874	4.21434	4.07757	4.024
alpha_rarefaction_10_9.txt	10	9	3.02987	4.04421	3.27581	3.86921	4.54058	4.91724	3.13846	4.24554	3.54231	4.24028	3.62918	3.8967	2.73366	2.91191	3.47831	4.56746	3.71535	2.78496	5.2678	4.35821	3.18398	4.07294	3.21282	4.04306	4.29284	3.98453	4.18887	3.5369	3.30092	4.16316
alpha_rarefaction_69_0.txt	69	0	15.33791	13.34909	14.86429	15.89595	14.75768	17.39252	15.74606	15.00439	15.51917	17.84316	17.85955	15.29617	16.70142	15.55106	14.99598	15.93498	13.63981	13.57605	14.81583	15.18751	15.3927	17.2629	16.16596	17.30707	16.07344	15.74296	15.94533	15.9651	15.28396	17.17795
alpha_rarefaction_69_1.txt	69	1	16.32502	14.22681	13.11298	13.84062	13.91763	15.36186	14.80614	17.9286	15.55893	16.47323	15.33409	15.42506	18.30034	15.32173	15.84821	16.09	13.40847	15.03888	15.65887	14.16702	14.94444	13.79457	15.3962	18.47281	17.28533	15.91883	14.98284	14.24915	13.8184	15.80977
alpha_rarefaction_69_2.txt	69	2	15.27686	15.59636	16.71783	16.64699	17.665	15.28925	15.03814	14.9367	14.79236	18.3988	16.82682	17.03427	16.00761	12.5142	16.46616	15.01107	13.91974	13.65872	13.39253	14.93078	14.95691	14.03383	15.26	16.2415	17.45076	15.42471	16.07839	16.98814	14.1681	16.29914
alpha_rarefaction_69_3.txt	69	3	15.76514	15.21941	15.63806	17.89956	16.05286	13.2761	15.01818	16.06641	16.61785	15.81911	15.5406	17.50206	15.66047	13.946	14.61982	15.85837	15.67236	15.18403	15.6343	14.47054	14.72682	16.61185	15.03881	16.07111	14.53114	15.44084	16.1391	15.82099	12.22812	17.00174
alpha_rarefaction_69_4.txt	69	4	16.76025	16.80746	15.55746	14.55897	15.85172	14.70364	13.44759	15.07899	15.0092	16.33168	17.86017	14.88838	16.11818	14.62237	12.97974	17.30014	14.05118	13.68719	15.58293	15.63817	14.71157	13.23885	15.85084	16.61189	16.42502	13.77755	18.19266	13.297	14.90113	15.81277
alpha_rarefaction_69_5.txt	69	5	16.97325	16.85817	16.4314	15.8493	12.61125	15.74064	16.08247	16.43507	17.46474	16.38763	17.57629	13.79639	12.88337	16.83704	15.08975	14.64809	15.72679	15.47168	16.45118	17.66308	13.95533	15.05677	13.03736	18.15626	15.76938	14.48628	15.52977	15.47815	14.50704	15.96385
alpha_rarefaction_69_6.txt	69	6	16.29112	18.63269	16.19335	14.59555	13.73005	13.98494	15.14902	15.84641	15.2361	16.02554	17.52384	14.54847	17.28534	13.14468	16.07183	16.78028	18.04591	13.97358	15.2722	14.29576	13.41142	16.95406	16.70093	18.1171	16.71393	14.60454	16.24404	16.18821	12.59461	15.37388
alpha_rarefaction_69_7.txt	69	7	16.73369	16.17936	14.0296	14.90367	15.57679	17.38145	14.54009	15.65707	16.42897	17.34166	17.38059	15.0034	15.92635	14.99622	16.38703	16.84914	16.11506	14.2549	15.42342	15.1695	17.08131	17.25739	17.6966	17.22944	14.49216	16.27207	14.78529	13.68504	15.27399	16.86985
alpha_rarefaction_69_8.txt	69	8	16.80249	16.28198	15.3534	16.71362	15.31373	16.31677	14.97709	16.0677	15.36666	16.17048	13.99599	14.68017	18.1863	14.60372	16.3062	15.91425	15.45051	15.84785	18.31271	13.02587	15.23064	14.71594	17.37674	18.23841	15.03908	14.47072	17.16518	17.40556	14.01543	14.65325
alpha_rarefaction_69_9.txt	69	9	15.94663	16.13978	15.41911	16.03714	14.61263	15.75245	14.80835	15.87894	15.42679	17.07857	16.7747	15.83259	15.4747	13.98397	15.24134	15.38438	15.3953	14.69016	15.97058	16.35758	16.9614	16.49092	16.21983	16.9331	13.03061	15.41724	15.35644	13.84826	12.26681	16.64415
alpha_rarefaction_128_0.txt	128	0	24.81934	26.83655	23.11994	25.98464	23.86514	24.32383	21.63856	27.49295	24.76733	25.32096	23.99306	23.02864	23.73525	20.75816	21.24627	23.46896	23.65238	23.89654	22.87879	24.39715	23.79646	26.53861	22.55761	27.27799	24.6281	23.13309	26.9844	21.62883	19.19778	24.91045
alpha_rarefaction_128_1.txt	128	1	26.94103	20.94907	22.32559	22.36514	22.56136	21.18252	23.38504	24.64726	23.90891	23.59883	26.76724	22.13474	21.72709	23.11134	21.16833	23.0459	21.64455	22.31918	25.31309	21.90108	21.975	27.73469	24.55714	24.45033	22.19131	22.17588	23.59113	20.06539	22.7971	26.19407
alpha_rarefaction_128_2.txt	128	2	24.26861	22.92058	22.1152	26.43836	21.78139	25.35864	18.15623	21.85204	22.5118	23.1857	21.26443	22.4684	23.90729	20.38976	23.13656	25.30422	22.58107	24.88741	26.23307	20.86364	24.82423	23.84699	27.11437	23.41072	22.97484	23.83286	22.63935	21.86659	18.13365	23.93019
alpha_rarefaction_128_3.txt	128	3	26.53222	26.78516	22.03235	24.35041	22.623	25.05994	25.27047	22.9278	24.75625	25.09543	27.96547	24.36687	23.73024	21.5043	22.66894	24.0814	23.14607	20.72435	23.36347	21.80078	25.22896	25.85247	22.18505	24.12273	22.02163	24.43603	24.05986	21.24114	19.07219	25.4261
alpha_rarefaction_128_4.txt	128	4	23.30109	20.90332	25.79068	22.75705	22.97106	23.75874	21.67002	23.57527	26.03736	23.40776	26.038	23.26064	25.12705	24.58409	21.98379	24.00516	25.14046	22.15778	25.24762	24.88717	20.4403	24.73666	22.03753	25.12743	23.84053	24.22003	24.23337	24.09419	22.00788	23.73415
alpha_rarefaction_128_5.txt	128	5	26.98831	21.62997	21.9972	24.71516	23.11882	24.42603	24.41029	24.29312	23.70349	23.36895	26.27526	21.78574	25.63027	20.2157	24.86568	24.22205	22.11687	21.12991	27.88312	24.08223	20.38609	25.56714	26.64656	24.41749	26.15923	24.22345	25.56735	24.05809	19.72629	24.02916
alpha_rarefaction_128_6.txt	128	6	22.84719	21.87667	22.88586	22.6731	20.6697	23.81882	22.28438	25.85758	21.57045	26.68723	22.24342	23.05529	23.53076	21.34962	21.30735	25.45163	22.33327	23.85181	23.81531	24.58102	20.49685	28.64493	23.95174	25.22224	24.62642	23.49882	23.5718	22.47051	19.02123	22.8246
alpha_rarefaction_128_7.txt	128	7	22.37698	23.81359	22.61072	22.99212	20.42541	24.73404	22.01739	21.06339	24.3632	24.31095	26.7333	23.29508	26.01773	22.16992	23.26378	23.01367	24.66579	22.20347	26.32501	22.7023	20.94481	24.22184	20.78551	23.51216	22.11168	22.95495	24.56413	22.14254	21.97919	25.2729
alpha_rarefaction_128_8.txt	128	8	25.89942	25.17646	22.14005	26.39318	22.00486	25.37583	25.25027	22.43376	22.37488	24.63159	26.83184	23.7513	24.34068	21.33834	24.87117	25.25316	21.35087	20.33024	25.38939	23.34392	21.12849	25.80044	24.47099	25.22006	25.25056	21.72129	26.23485	23.4484	22.17294	26.3841
alpha_rarefaction_128_9.txt	128	9	24.59819	22.85151	24.12657	23.28412	21.23251	24.52532	24.52463	22.85122	25.36336	27.0076	25.04996	22.38184	25.93249	20.04739	25.4535	23.34189	22.63743	24.39302	26.21892	24.64091	20.32209	25.04959	24.82912	20.37249	24.69027	25.13897	23.02635	23.60092	22.03103	25.84227
alpha_rarefaction_187_0.txt	187	0	33.93122	27.11786	29.2821	30.07309	27.7358	32.04641	29.12671	32.51754	29.33263	31.94527	31.52856	29.74079	30.40258	28.18328	28.30985	28.68996	31.81217	28.96218	32.44925	27.55028	26.98272	34.6947	31.69711	29.80872	30.65154	31.38422	28.51744	27.87526	24.87039	30.84758
alpha_rarefaction_187_1.txt	187	1	31.82988	28.48138	30.76538	30.46256	31.13728	28.13092	24.33833	30.79619	33.35875	27.95775	32.96508	30.90543	30.96222	30.11413	29.04018	30.51514	27.85337	28.22087	31.68403	26.77998	26.58187	32.57712	31.86001	29.31233	29.07719	29.59312	29.97902	29.58754	25.9833	31.1906
alpha_rarefaction_187_2.txt	187	2	33.10986	29.63701	30.56071	31.32721	26.496	33.24775	29.58997	29.61371	29.93029	28.11442	31.91714	27.7603	32.32196	27.99038	29.79977	29.44442	29.71923	24.73981	29.43361	29.42173	28.70498	32.20001	31.04327	32.53608	27.78857	30.71793	31.35275	29.75646	28.5654	33.3184
alpha_rarefaction_187_3.txt	187	3	33.16621	29.76034	29.59695	30.74465	30.68113	32.80716	27.80628	32.85653	30.06702	28.41044	32.37739	27.99305	31.02647	29.60949	28.14412	29.73941	31.51701	28.63518	30.2239	31.90322	28.76682	31.95248	30.94728	31.84203	31.22753	28.63371	31.40454	29.89049	27.28799	33.42949
alpha_rarefaction_187_4.txt	187	4	35.83697	26.54377	28.47666	29.87955	29.69212	31.41981	26.52472	30.14068	32.15022	30.39809	32.72837	30.54087	32.91088	28.53097	29.39105	32.02778	31.69367	31.87492	31.84446	27.03923	27.54197	31.84429	33.67013	29.93531	29.24646	26.98506	31.71439	29.59038	26.46925	30.45961
alpha_rarefaction_187_5.txt	187	5	32.18612	27.45978	28.83571	31.70087	28.06362	30.51229	29.79096	32.06488	29.3751	30.11927	33.55972	29.85518	33.56603	30.37408	30.88076	31.71757	29.11843	29.75557	30.53497	27.17903	28.90506	30.59491	34.90057	31.9869	29.74501	28.18995	29.5004	29.21299	23.92786	31.28715
alpha_rarefaction_187_6.txt	187	6	35.12116	28.56635	28.95886	30.7286	26.94814	29.16292	30.02853	29.085	29.92576	31.46485	30.75208	28.4508	29.3441	28.05068	29.83511	26.53595	29.46834	29.82764	29.74648	32.44428	25.7893	30.01455	31.88703	32.14943	31.63826	30.65843	30.57235	28.04105	27.09572	30.86681
alpha_rarefaction_187_7.txt	187	7	30.13843	27.50606	31.84635	32.55335	24.09408	31.6087	27.13262	31.96381	31.70402	31.72318	29.92787	28.98295	31.84121	30.52579	28.05113	29.69853	30.75468	27.44052	29.81427	27.0849	25.76235	28.17172	29.87234	30.55087	27.73713	30.94108	28.58496	29.41384	26.50335	32.88009
alpha_rarefaction_187_8.txt	187	8	29.26856	29.62201	28.63338	29.16218	23.40222	32.28506	29.83432	29.78187	30.02333	30.61329	33.65656	29.15363	31.93007	28.5731	27.2517	31.19346	30.03474	30.36563	30.50061	28.9152	27.13719	31.09085	32.14174	31.62916	29.96703	28.97522	32.54226	30.46756	27.40449	31.38553
alpha_rarefaction_187_9.txt	187	9	34.05555	30.88124	29.47876	32.65125	26.95399	30.00615	27.10323	28.56837	29.18491	29.1316	30.47997	29.53039	30.02212	26.77161	30.88077	32.75886	28.85679	28.90018	32.63141	29.32107	28.24728	31.23494	31.48784	31.09568	28.8348	29.41881	31.92065	32.82553	24.38228	28.90765
alpha_rarefaction_246_0.txt	246	0	36.96167	34.34772	35.58613	38.40477	32.18386	36.0406	33.15596	34.43204	34.88398	36.11621	31.3614	33.06	36.57855	30.7225	33.99054	37.06343	33.52955	34.16396	37.54155	33.07229	34.27246	38.37506	37.25189	36.25966	32.35479	35.95759	39.20789	36.22857	28.70944	37.13862
alpha_rarefaction_246_1.txt	246	1	38.33687	36.96411	35.7169	38.93375	33.35595	36.20316	34.15744	32.93931	36.77255	34.13721	38.21658	33.87706	37.949	33.98841	29.82422	35.73304	32.94803	32.9356	37.1823	32.15508	33.70936	33.86522	36.95622	38.68105	35.17391	33.89054	37.41834	35.61779	26.75803	37.20337
alpha_rarefaction_246_2.txt	246	2	41.30674	32.20333	32.81465	34.20754	33.64608	37.53449	33.37052	36.40966	41.25439	31.48851	36.74871	33.23904	35.38284	35.64396	33.60456	33.25461	31.65429	31.67862	38.21832	32.98813	31.81719	35.27131	37.32425	35.80314	37.35977	36.78201	35.86651	32.31506	30.32464	35.94774
alpha_rarefaction_246_3.txt	246	3	40.43112	36.22204	35.07729	37.1162	33.08358	39.74711	33.48168	36.07549	36.23138	37.84687	39.77012	34.52832	37.364	32.94179	33.4306	35.81064	36.15798	37.66958	34.81562	35.55928	32.25612	35.66532	36.74445	37.84979	33.9324	34.83199	37.70323	38.13368	31.66309	37.96358
alpha_rarefaction_246_4.txt	246	4	39.10055	34.32989	35.5161	38.59028	36.35318	37.62	34.91512	37.01764	36.36792	35.18439	36.3439	32.83701	39.60696	33.04549	33.62052	36.15261	38.24158	34.15559	36.74904	32.44444	34.20853	37.64019	35.62914	36.31909	33.67757	34.51489	35.42091	33.3444	29.59147	35.21932
alpha_rarefaction_246_5.txt	246	5	32.68483	33.67815	34.31833	35.16974	34.10235	36.1961	33.0468	35.19694	37.0558	33.05217	34.96291	35.3491	36.8943	32.39433	30.71952	34.31569	36.11024	34.08052	36.23736	32.47294	33.36849	36.93036	35.54373	34.05817	37.461	34.93682	35.20548	35.35016	30.56984	38.79545
alpha_rarefaction_246_6.txt	246	6	40.82831	34.13461	32.71992	37.81754	30.37755	39.86955	32.27052	33.96442	37.10426	36.12261	36.83151	30.8737	37.51135	29.59768	31.55092	38.65687	33.16552	35.86547	37.92983	35.7581	32.28279	36.10491	38.05668	36.74046	36.28708	35.7324	38.49258	35.94656	28.77214	35.77561
alpha_rarefaction_246_7.txt	246	7	39.09105	33.32165	33.11205	37.26579	31.92676	37.90889	33.13031	34.89243	33.50612	35.7587	37.17536	33.04396	37.98478	31.73517	31.94808	37.30311	33.79002	35.15679	36.02353	33.09203	31.80187	34.69046	38.52695	33.173	32.11274	38.46476	35.32079	33.959	32.67231	38.29272
alpha_rarefaction_246_8.txt	246	8	33.93031	35.5075	32.95465	34.02305	30.87957	39.31832	33.67579	35.46861	37.49217	35.31084	37.62768	33.51591	39.97301	34.4426	35.11366	36.99195	34.49973	32.22529	38.02159	33.42171	34.90317	35.20715	34.35311	36.90373	35.7766	35.01903	38.01674	35.63431	27.27405	35.48031
alpha_rarefaction_246_9.txt	246	9	40.5991	33.59623	37.37755	34.76826	32.46279	36.34271	38.33678	37.52499	36.16879	34.16149	36.02575	32.62549	32.95841	33.26449	32.74158	34.23419	34.10379	35.98068	37.58487	31.62241	31.11873	39.5981	37.79374	37.62982	33.45469	33.98657	38.49798	34.23396	31.80184	37.08431
alpha_rarefaction_305_0.txt	305	0	47.46383	40.2435	38.94373	42.88434	39.80609	39.599	41.42952	41.8604	38.12876	39.82418	41.95336	36.44991	42.01902	37.60721	40.81389	38.43207	39.22912	36.83383	40.19906	37.34107	39.37095	41.50747	40.24766	38.56747	41.04494	42.5427	42.69537	38.67052	34.97865	41.15034
alpha_rarefaction_305_1.txt	305	1	43.18405	37.62401	38.94506	44.35562	36.94266	41.39694	35.5015	43.81369	38.18685	39.72692	39.03442	36.29143	42.29023	35.06657	39.47828	40.42029	40.45406	38.33832	41.38165	36.78176	35.79422	39.95799	43.89804	39.12608	38.95481	41.10677	39.44351	37.77201	34.05863	41.52976
alpha_rarefaction_305_2.txt	305	2	46.20159	43.77986	40.47021	39.66002	34.83004	41.40486	34.76416	38.58921	41.75191	41.76792	41.43412	41.26947	40.1398	37.02908	42.12412	43.56825	39.80835	36.54453	44.20701	39.30466	37.07428	41.83201	39.45721	41.20981	38.93442	40.33592	40.08241	37.2443	34.27903	40.25699
alpha_rarefaction_305_3.txt	305	3	46.96679	37.38969	39.91018	42.80833	36.2454	43.11467	38.7348	39.23511	40.23804	41.02267	41.41115	37.73716	43.98249	37.86511	40.1481	37.22437	39.19039	36.42588	38.60169	39.28569	36.53237	41.76503	39.8232	39.66328	37.55006	39.43054	40.2766	40.93186	34.74339	40.91794
alpha_rarefaction_305_4.txt	305	4	44.44218	38.69266	38.02086	43.559	37.54457	41.21134	35.80282	39.94109	42.42333	37.28293	42.56172	37.44737	46.20242	37.89471	38.06276	42.45868	40.89977	37.02333	39.89675	38.68112	38.25212	41.71782	40.36947	38.05863	40.84581	42.16453	42.91897	39.80212	35.58045	41.37582
alpha_rarefaction_305_5.txt	305	5	43.44095	41.42317	38.84186	37.46042	35.34863	39.98263	36.03625	41.99559	40.95315	39.98389	41.94751	38.8632	42.92296	34.78932	37.92018	40.35393	39.92407	37.8751	42.16936	38.02105	37.74697	40.37888	38.75894	43.78034	41.94761	41.41359	42.26095	38.86471	34.17593	39.60704
alpha_rarefaction_305_6.txt	305	6	42.35437	37.23005	38.10881	42.95789	37.33508	42.54857	40.66226	38.36756	40.86179	38.51375	45.36535	36.90286	39.76574	38.65075	37.10773	39.77466	42.64754	38.66031	41.30423	40.52646	38.12617	43.84213	39.33183	41.38246	43.21802	40.59214	40.56011	37.58494	33.31575	42.1149
alpha_rarefaction_305_7.txt	305	7	43.93918	40.46389	39.00711	40.95092	34.77277	39.28752	39.18922	40.69383	42.14508	35.94867	41.33543	39.76804	44.92318	39.23066	37.5433	39.57993	39.90661	36.76635	38.70416	38.4788	36.34302	41.18226	42.59174	42.61228	43.44639	39.22811	43.80149	40.17412	34.19591	41.18817
alpha_rarefaction_305_8.txt	305	8	43.47636	43.04538	38.12647	38.5963	35.47331	40.10366	39.68283	39.21859	41.96392	36.2086	39.00241	37.02827	40.52081	37.47467	37.52863	40.53243	41.55217	39.70961	40.11281	36.66519	38.30065	40.07686	40.48811	38.36195	39.82468	38.75869	40.75547	42.45847	32.91082	39.70265
alpha_rarefaction_305_9.txt	305	9	42.24357	37.45904	41.19285	39.76716	33.78152	40.62265	37.86843	36.3433	43.24027	38.27655	42.59852	38.38677	40.30443	37.88511	40.95059	41.10969	40.13844	37.25513	45.42556	37.63822	37.40534	40.11867	39.89061	43.10078	41.97962	38.71773	38.38436	39.38934	39.76524	40.85682
alpha_rarefaction_364_0.txt	364	0	46.15196	40.54625	38.76773	45.89494	38.22254	43.28848	41.77686	44.89685	41.27171	43.90602	44.00197	43.38946	44.58872	39.70025	43.33101	45.06911	44.55362	42.55652	47.40987	41.56201	43.80743	45.65386	47.00611	44.6756	42.41731	42.45778	45.28998	43.44027	37.36642	46.59707
alpha_rarefaction_364_1.txt	364	1	50.19074	44.27658	43.00396	43.90303	37.97388	45.72614	42.36924	41.9427	42.66798	39.16404	43.27194	43.51655	45.54149	38.58332	41.6787	45.40832	43.24877	42.48849	45.64927	44.07718	42.85582	45.74243	47.18146	45.94704	45.44946	40.73784	45.97997	43.64891	39.06311	47.02279
alpha_rarefaction_364_2.txt	364	2	47.1463	41.61632	43.55388	43.18253	42.13859	45.6229	42.24382	43.06482	46.07567	41.89349	44.6208	42.59337	40.8244	39.54102	43.45609	44.20383	44.88696	44.82149	45.57956	42.93189	43.92183	45.34117	43.14154	45.19216	43.03902	39.89337	44.5224	44.30099	39.09142	45.39385
alpha_rarefaction_364_3.txt	364	3	50.07737	42.84549	43.58716	42.75859	38.23098	44.59144	44.88975	41.5768	42.46092	45.33576	46.15137	41.33693	44.53326	43.24241	39.04675	47.15562	42.86977	43.67517	45.58035	42.03676	40.87182	47.54473	40.52915	48.63756	46.06562	42.87938	44.85864	41.05409	38.89605	47.69839
alpha_rarefaction_364_4.txt	364	4	51.65264	42.06206	42.44872	45.38178	41.37492	45.86012	43.64145	43.2568	46.2379	40.76103	47.14777	40.90416	44.52805	42.47433	42.48115	44.23327	43.24252	45.17143	46.58935	43.56847	41.11831	45.28846	47.12709	45.65272	47.20652	41.55708	47.40789	46.57067	34.2454	48.66445
alpha_rarefaction_364_5.txt	364	5	54.41329	41.45489	43.7909	45.00021	43.24744	45.21104	44.21909	45.03073	42.05361	44.49245	47.03134	40.46523	47.07334	40.38585	44.47677	44.3505	40.54544	42.29413	45.70011	44.65411	36.57667	47.23783	40.22782	48.47111	45.7347	43.09366	44.89801	41.265	34.47616	46.2608
alpha_rarefaction_364_6.txt	364	6	45.95508	43.69243	43.00962	42.3739	41.82962	45.70292	41.1312	44.51195	45.61025	46.57062	49.68571	41.29605	43.78301	41.43281	42.03624	45.68454	40.65282	45.33866	44.88419	45.04512	41.60169	45.60357	42.43541	45.16358	43.694	44.30522	45.99504	43.79278	36.74526	46.04213
alpha_rarefaction_364_7.txt	364	7	53.83898	43.54818	44.45596	42.20398	38.31051	44.88715	40.34928	41.83993	44.59926	42.65899	46.01048	43.70147	44.18725	39.18234	43.73048	44.15574	43.32048	44.68942	46.25584	46.83735	43.70621	45.42134	50.00075	43.31769	43.81494	45.22792	46.09543	40.77797	35.57691	45.43756
alpha_rarefaction_364_8.txt	364	8	48.23558	42.53229	46.3313	47.21706	40.6044	47.2701	41.80524	43.90108	45.25336	42.82623	42.80845	40.85468	46.24195	38.03619	44.22913	46.81229	43.56649	43.21613	47.77218	41.14839	39.86008	48.9544	46.36153	48.45412	44.15098	41.55524	41.95581	45.14049	38.35908	44.61716
alpha_rarefaction_364_9.txt	364	9	50.17998	42.55095	44.94077	44.12441	37.81331	44.95285	38.83196	42.481	47.70117	42.05189	45.45791	41.84817	45.40967	38.81448	42.04609	45.07228	45.20294	40.91897	46.0911	43.96374	41.12125	47.0223	45.20383	45.21131	46.87304	43.72786	43.02118	41.23343	38.39881	46.36424
alpha_rarefaction_423_0.txt	423	0	52.67327	45.03438	46.36744	50.06738	41.75745	44.47135	44.02259	47.6552	48.58955	46.55517	54.80287	47.01284	52.08992	44.64352	45.37716	50.96659	45.35691	49.7355	50.59791	46.46581	44.33467	51.05835	47.75125	52.60115	46.84705	49.88129	52.28494	45.9239	43.26252	50.06364
alpha_rarefaction_423_1.txt	423	1	57.32766	44.51177	45.16723	47.00832	42.24373	48.37842	48.2266	47.88135	49.11101	48.11581	50.40993	45.36474	52.20855	43.13389	45.33708	45.11405	48.0306	48.76733	51.53099	45.47909	45.98508	47.70881	52.04234	48.61884	46.03319	46.01763	50.00662	42.47319	39.93356	48.34126
alpha_rarefaction_423_2.txt	423	2	52.203	49.96835	49.33113	48.57154	40.77343	50.15229	45.69534	48.09521	51.08061	49.0343	50.89291	43.35831	51.23801	39.49351	43.54976	47.37502	45.54339	45.95177	49.34335	48.05838	46.79705	50.42816	48.32222	51.49624	46.50315	44.84912	47.79536	47.60998	40.72188	51.76643
alpha_rarefaction_423_3.txt	423	3	51.46935	47.60749	49.00329	51.06842	41.73489	51.13327	46.71929	49.07473	50.72372	45.36324	49.31185	46.19773	50.63809	43.97465	45.75913	45.58869	49.25506	48.82972	48.55424	45.33308	45.01561	48.90206	45.75162	49.88405	48.44185	49.55058	49.24513	48.38677	39.44586	50.39301
alpha_rarefaction_423_4.txt	423	4	54.25285	46.08778	47.50368	46.45272	43.88996	45.76723	50.61131	46.68033	49.67639	46.79282	50.56645	43.75782	50.54138	46.1209	47.0258	48.27067	46.19818	43.57174	50.2386	47.13341	48.01433	54.33241	52.18151	48.35986	50.79398	43.98201	51.23117	47.33953	41.29846	52.65621
alpha_rarefaction_423_5.txt	423	5	54.60519	48.26875	47.5848	49.56679	44.21133	49.9332	44.26499	45.52971	48.59844	49.16697	51.85951	42.48007	51.604	41.26409	46.79826	49.90548	47.48348	47.0987	49.50049	48.62493	46.50154	53.48757	50.20525	46.44948	51.30431	48.58601	50.53055	49.70167	37.35685	51.46089
alpha_rarefaction_423_6.txt	423	6	54.95778	47.68914	46.32962	47.12061	47.24807	52.09518	48.51636	49.20164	49.96759	47.00059	48.52668	47.85532	51.02628	40.58241	47.1125	46.93952	46.46427	46.26559	51.37546	48.08101	40.34135	52.35238	46.6085	51.25038	47.53263	48.60568	48.70624	47.7661	38.98071	48.37297
alpha_rarefaction_423_7.txt	423	7	52.91283	51.44	42.21575	51.46126	46.18926	50.20686	47.20137	46.64068	50.26345	48.55737	48.08491	48.1805	49.25825	42.6872	44.57651	47.74936	44.99668	48.86649	51.26679	46.32692	44.46158	50.41994	47.23285	49.42948	44.24202	48.0121	49.71359	47.75483	38.90118	48.70533
alpha_rarefaction_423_8.txt	423	8	52.43989	49.06936	42.38561	50.5014	44.31659	50.97076	43.67083	47.12803	47.12622	47.92835	50.85279	48.67847	46.28829	41.33316	46.20925	49.77757	45.55485	46.7494	49.39692	48.64673	43.25559	48.65979	49.05937	50.47896	47.54225	47.59037	47.25303	47.6762	42.46892	51.92207
alpha_rarefaction_423_9.txt	423	9	52.38615	46.81174	41.29028	51.1756	46.12249	49.00457	47.1256	44.20988	47.56779	47.75422	48.87806	44.92366	51.60346	43.41166	46.51048	45.72452	47.49364	43.83238	48.99105	48.28793	42.94002	49.20959	49.44362	50.42506	48.81405	47.68197	48.98708	48.20454	40.32015	48.13849
alpha_rarefaction_482_0.txt	482	0	57.52615	49.11362	46.64859	53.66756	48.56527	48.69162	50.10267	49.55291	51.61151	50.67642	54.42075	47.41904	56.22809	48.85901	47.75129	56.1612	46.71946	49.82652	57.5187	50.14402	46.69648	51.45149	55.10003	51.17503	53.90731	49.00833	52.14886	48.4303	40.68545	53.06681
alpha_rarefaction_482_1.txt	482	1	58.20964	48.24585	47.70756	48.44202	46.67153	52.09763	46.79213	52.47896	50.63909	51.47085	53.24127	51.01803	54.88889	47.89284	49.94932	53.30585	49.17373	46.06573	52.05135	51.40478	45.51584	54.21444	52.95699	54.52206	51.96406	53.26252	49.75249	50.7984	44.81958	53.67336
alpha_rarefaction_482_2.txt	482	2	58.83005	47.06682	48.03557	52.87102	46.62736	52.56776	51.17439	49.40813	54.40474	52.70683	53.49113	48.44035	53.86673	48.28984	48.05834	50.21652	48.92946	54.08168	52.51443	49.9337	49.91085	53.57837	54.85681	52.47521	50.17285	49.419	53.17297	50.46249	45.57347	54.77354
alpha_rarefaction_482_3.txt	482	3	56.58874	46.83126	49.98619	54.38784	43.55022	53.39602	48.89855	50.19386	53.86585	54.9895	51.13762	47.30054	56.26724	49.84884	47.22714	50.97933	51.07283	46.16968	51.16115	52.42485	51.45852	54.41963	49.58023	52.67396	52.55844	47.07492	53.35933	46.60131	44.53482	50.24147
alpha_rarefaction_482_4.txt	482	4	58.50404	51.36342	52.67915	50.13148	46.10795	53.16444	48.2268	49.64314	50.83123	49.78562	52.08748	51.50532	55.54513	47.09998	51.43984	52.75392	52.65487	50.50179	53.9476	48.75267	44.91462	55.52913	51.13783	53.70928	53.8682	50.45442	50.1571	49.30512	45.02889	55.35847
alpha_rarefaction_482_5.txt	482	5	60.49006	47.31872	50.14496	51.53752	46.54853	54.41412	48.19294	51.74351	51.89473	50.65297	56.44404	51.80555	53.03756	46.29092	50.21468	52.15798	49.76605	46.73793	54.96276	48.97716	45.73207	58.67433	50.07727	53.82469	54.9681	49.75347	55.13761	49.60278	45.88458	56.0222
alpha_rarefaction_482_6.txt	482	6	57.76032	50.91617	47.27601	53.19188	47.04228	52.56653	48.20856	52.40492	53.52271	49.56725	54.82339	52.43685	49.93769	48.0156	47.95046	50.93942	52.59472	49.36419	53.59154	47.20757	48.84914	50.7379	53.56514	53.56933	51.78592	51.76028	52.80805	50.99146	44.10469	55.185
alpha_rarefaction_482_7.txt	482	7	57.01422	51.3175	49.78502	51.27264	44.28933	50.27954	49.65104	50.30913	52.52473	50.80678	56.24862	48.90825	54.42605	47.70784	46.35059	52.51086	49.36478	49.25364	52.32808	51.69821	50.23516	56.63627	48.64558	55.14908	51.57265	48.40166	47.72449	51.56919	41.50285	55.06
alpha_rarefaction_482_8.txt	482	8	62.96229	51.73029	49.12527	50.21521	49.31634	55.1523	48.31247	54.90143	50.49579	49.81902	54.71598	49.72838	53.81018	48.4732	51.02153	51.45506	52.72611	47.23057	55.45551	47.91271	47.03956	51.82033	54.7263	52.53329	50.66574	52.93886	53.22235	49.50319	42.36355	52.36391
alpha_rarefaction_482_9.txt	482	9	60.59048	49.01013	53.48599	52.02761	48.4473	53.71328	51.91615	49.64781	51.18811	49.10433	53.44822	48.51281	52.71516	49.79228	49.46018	54.57274	51.80565	47.20327	49.34864	50.70564	47.05217	53.45008	53.18525	52.86139	52.04788	50.77738	53.12132	48.10369	43.58347	53.19979
alpha_rarefaction_541_0.txt	541	0	65.36045	52.71084	52.13405	57.08857	49.77037	54.27567	50.31072	54.58729	58.29836	50.89154	55.46678	50.04669	54.79368	49.43833	52.00301	53.78318	54.49883	52.27227	57.29838	52.23503	51.3739	56.32038	55.9806	55.16907	52.70725	57.53737	54.00831	51.63365	48.04513	57.09696
alpha_rarefaction_541_1.txt	541	1	64.91444	54.06199	51.79735	57.95227	50.13819	58.12489	53.24308	55.20769	60.98697	52.25678	57.26373	53.23085	52.7048	52.93645	51.72499	55.22371	55.18158	56.30042	55.98384	54.55431	50.34185	59.12147	52.48273	57.15624	56.26917	53.94676	54.06348	53.39158	43.31408	55.22081
alpha_rarefaction_541_2.txt	541	2	60.64619	49.28837	52.10176	55.06871	51.48134	59.40043	52.30689	54.49673	53.88832	52.68237	55.66788	56.16168	58.84738	48.62081	49.95853	53.13443	50.07889	50.52119	57.36607	53.27413	48.71561	57.74259	57.7919	57.14722	55.35144	51.55223	53.88624	54.7118	45.77768	55.93357
alpha_rarefaction_541_3.txt	541	3	60.85141	54.38981	55.10187	54.32764	49.0184	58.67919	50.44134	55.07231	55.78371	53.84125	57.68	53.70843	58.68433	49.91059	51.76468	53.57939	54.88436	50.12457	61.88241	54.08958	50.66521	60.67656	55.14521	56.3046	52.90424	54.03309	59.70671	56.27198	48.06327	56.86399
alpha_rarefaction_541_4.txt	541	4	65.1784	51.62616	52.03709	55.03129	51.85821	57.34359	51.95466	53.83786	50.38379	53.86572	56.0628	51.5627	57.21981	47.80025	55.20278	53.29101	53.79981	53.61792	57.86774	49.15479	49.57513	56.96191	54.64592	55.15296	53.22786	55.4249	56.6076	52.51535	43.11328	57.23828
alpha_rarefaction_541_5.txt	541	5	60.13023	53.98927	58.05293	59.34973	47.66592	58.93925	50.86984	55.71133	57.69973	53.43642	54.33976	51.78294	56.71449	47.91532	54.19326	56.76373	55.8975	57.57259	56.29429	54.95842	48.09844	56.7288	58.44394	56.11834	53.94248	54.9975	55.14974	54.42616	44.51269	56.70325
alpha_rarefaction_541_6.txt	541	6	63.89786	51.32438	55.89799	56.78192	47.23907	57.12176	49.02595	56.36027	53.92607	53.01159	54.62798	53.11274	57.78361	50.58978	50.9686	55.48666	51.97103	52.44743	56.26272	56.89564	50.70466	58.59127	58.87225	54.33884	53.50762	52.07496	55.04964	52.13302	44.76774	56.95823
alpha_rarefaction_541_7.txt	541	7	60.32081	53.32533	52.54862	56.71312	50.79012	56.29847	50.22803	58.95733	56.41848	51.97605	56.80711	51.28231	55.01009	49.58448	51.56863	54.60128	52.35049	53.52441	55.42002	54.74468	49.5102	58.09829	53.81761	56.83777	51.6202	50.64173	56.74426	54.11104	43.51345	55.34609
alpha_rarefaction_541_8.txt	541	8	63.68524	54.31113	49.58125	55.31396	49.42688	58.06955	54.78614	55.93157	57.99691	50.75405	60.29418	50.35134	56.95853	48.08852	50.37758	55.28233	51.13654	51.04181	55.79454	53.61484	53.43882	56.94206	54.55528	56.11878	56.12659	56.55223	56.84056	54.20318	46.60002	56.0565
alpha_rarefaction_541_9.txt	541	9	62.16695	50.17292	52.6474	53.57091	50.98064	57.20149	52.9025	54.64541	54.52338	54.08485	58.16543	55.21524	57.36414	49.47806	48.91037	57.97422	53.12791	53.29124	58.90497	52.75045	52.00213	59.61761	53.69011	55.02259	53.84368	58.29225	57.44435	57.72748	43.50025	57.39387
alpha_rarefaction_600_0.txt	600	0	64.661	56.2	54.41898	57.75221	53.15064	61.68834	55.64262	54.06296	56.07481	55.66798	61.27134	55.8902	61.01204	53.36336	56.34316	57.82105	58.15133	54.78668	58.1649	54.15966	52.41911	59.33288	60.54056	58.6188	58.07575	60.49183	57.57455	55.30197	46.19653	59.78255
alpha_rarefaction_600_1.txt	600	1	62.63303	52.78856	55.3583	59.09007	55.53593	56.8149	56.59128	61.17675	54.895	56.35928	61.94428	52.37645	59.58877	53.23966	54.6949	57.67755	55.48374	54.81543	61.096	54.37941	54.3492	59.54888	54.47386	59.23093	61.06592	58.6101	62.06461	59.34694	48.04926	58.60249
alpha_rarefaction_600_2.txt	600	2	63.80111	56.877	56.79541	60.98118	53.49572	61.71179	56.11999	59.8538	57.9343	58.99457	59.57205	52.85675	60.01395	54.61051	53.74924	59.1101	59.34994	59.87412	59.25407	56.45066	55.4343	58.89808	62.64465	59.25326	55.61476	57.14533	54.92618	55.78988	49.37687	59.58683
alpha_rarefaction_600_3.txt	600	3	67.36403	55.59948	52.95373	61.14778	52.82268	60.12526	56.97747	54.60663	56.76168	57.57502	58.44553	51.91025	59.46262	52.99154	52.50724	60.93161	55.81929	57.15391	56.41342	55.88048	51.04073	59.79516	57.31897	60.36137	57.05406	56.37359	60.90657	55.50645	52.27363	58.97684
alpha_rarefaction_600_4.txt	600	4	68.66557	55.98972	56.48415	58.54319	52.09222	60.45485	55.3908	57.50233	59.31717	52.62524	63.5414	54.41482	60.1517	56.6319	50.19333	58.94077	53.6575	57.21332	60.56908	53.22148	53.72599	59.79151	53.76624	61.74092	55.4603	55.81287	56.30877	52.78505	44.99679	59.48166
alpha_rarefaction_600_5.txt	600	5	62.65565	57.44894	58.25625	57.54963	52.44095	59.49144	51.81939	55.16647	56.93736	58.835	57.25055	54.04974	59.88619	51.59689	54.49886	58.28459	60.88831	52.90837	61.42838	59.34632	52.16194	61.09105	56.23749	60.14262	57.93742	51.67642	57.15434	56.98265	49.64425	59.40348
alpha_rarefaction_600_6.txt	600	6	66.67431	53.58639	55.77161	56.90129	51.78477	60.31949	56.86323	57.68717	59.92884	58.80177	63.89699	55.42271	61.86066	53.45803	56.05151	54.93449	54.09141	54.95978	60.38563	56.84271	52.86905	60.92768	58.24225	60.73986	54.66292	56.3168	59.22359	56.51589	49.42458	58.89917
alpha_rarefaction_600_7.txt	600	7	68.54456	55.57916	55.74785	60.4355	55.75784	59.95751	56.67364	59.13592	57.32908	58.36319	61.92252	54.86713	60.91062	51.17742	56.38396	60.80047	54.0209	54.34263	60.86296	53.95477	52.90593	58.20908	54.826	59.97388	59.13025	54.98991	57.8642	61.11068	47.80539	58.30285
alpha_rarefaction_600_8.txt	600	8	64.99442	55.09433	61.87076	60.15429	50.554	60.24367	55.37168	58.08455	59.68561	54.63814	60.55697	55.76813	60.32438	54.58257	52.0298	57.86754	56.28503	54.83496	61.04016	58.13817	51.89442	60.32676	62.14534	55.61764	59.31757	54.56528	60.39163	59.81995	48.88885	59.76008
alpha_rarefaction_600_9.txt	600	9	67.63562	52.98	54.60435	60.95402	50.83072	57.36203	50.90987	57.09015	60.23574	59.12167	63.51853	56.79351	59.79874	52.7557	55.69567	58.79476	58.55391	55.31131	59.78357	55.69496	55.40877	58.75966	58.3041	59.68796	57.25725	57.81714	57.08726	53.54162	49.51024	59.89528