# Constructed from biom file
#OTU ID	515rcbc8	515rcbc9	515rcbc10	515rcbc11	515rcbc12	515rcbc13	515rcbc14	515rcbc15	515rcbc16	515rcbc17	515rcbc18	515rcbc19	515rcbc20	515rcbc21	515rcbc22	515rcbc23	515rcbc24	515rcbc25	515rcbc26	515rcbc27	515rcbc28	515rcbc29	515rcbc30	515rcbc31	515rcbc32	515rcbc33	515rcbc34	515rcbc35	515rcbc36	515rcbc37
Unassigned;Other;Other	0.0134861476151	0.00753141557325	0.0068069923658	0.00792226509833	0.0197402039858	0.00683508476107	0.0098721865362	0.00742646143634	0.00839138943249	0.00698873432766	0.00565746343923	0.00826359444726	0.00520156046814	0.00926965248095	0.00760983134605	0.00894994659497	0.00534801070577	0.00722315947659	0.00901235343503	0.00675107668033	0.00684350387398	0.00663375165844	0.00708880923935	0.00713045068105	0.00539598126017	0.00745982166228	0.0056967510051	0.00548100356973	0.00902577700722	0.00850424482889
k__Archaea;p__Crenarchaeota;c__MBGA	6.46301003921e-05	0.0	0.0	0.0	0.0	0.0	0.0	0.0	2.60926288324e-05	0.0	0.0	0.0	0.0	0.0	0.0	0.0	0.0	7.08847838723e-05	0.0	0.0	0.0	5.43750135938e-06	0.0	0.0	9.74003837575e-06	0.0	0.0	0.0	0.0	0.0
k__Archaea;p__Crenarchaeota;c__MCG	0.0	0.0	0.0	9.298433214e-06	5.33966403902e-07	0.0	0.0	0.0	0.0	0.0	0.0	0.0	0.0	0.0	0.0	0.0	0.0	0.0	0.0	0.0	0.0	0.0	6.63746183459e-06	0.0	0.0	0.0	0.0	0.0	0.0	0.0
k__Archaea;p__Crenarchaeota;c__Thaumarchaeota	0.0115472446034	0.0453271935421	0.0140624688553	0.0102840671347	0.00130768372316	0.019842823161	0.024979402565	0.0226776749782	0.0268180039139	0.0321732871324	0.029098903177	0.017207065775	0.0169050715215	0.0120646719941	0.0143900699997	0.029329797552	0.0528219653574	0.00472801508428	0.0592256686447	0.0169552902834	0.0406928347314	0.0276714444179	0.0574405947166	0.00798835500362	0.00630180482911	0.0161062348404	0.0371354292452	0.0287702124647	0.00453838504883	0.0193861773201
k__Archaea;p__Euryarchaeota;c__Methanobacteria	0.0	2.77400205276e-05	4.98315692958e-06	0.0	1.97567569444e-05	0.0	0.0	0.0	0.0	0.0	0.0	1.23613978269e-05	0.0	0.0	0.0	2.45540372976e-05	0.0	0.0	0.0	0.0	0.0	0.0	1.32749236692e-05	0.0	0.0	0.0	0.0	0.0	0.0	0.0
k__Archaea;p__Euryarchaeota;c__Methanomicrobia	0.0	2.77400205276e-05	0.0	0.0	1.22812272897e-05	0.0	0.0	0.0	0.0	0.0	7.87947554211e-06	0.0	0.0	0.0	0.0	0.0	0.0	0.0	0.0	0.0	0.0	0.0	0.0	0.0	0.0	0.0	0.0	0.0	0.0	0.0
k__Archaea;p__Euryarchaeota;c__Thermoplasmata	0.0	2.77400205276e-05	8.47136678028e-05	0.0	2.13586561561e-06	0.0	0.0	0.0	5.21852576647e-06	6.69579336782e-05	7.0915279879e-05	0.0	0.0	0.0	0.0	0.0	4.87512370626e-06	0.0	0.00033696378496	0.0	0.0	0.000135937533984	0.000902694809505	0.0	0.0	0.0	5.68254464349e-05	0.000101125527117	0.0	4.37611226187e-05
k__Archaea;p__[Parvarchaeota];c__[Micrarchaea]	0.0	0.0	0.0	0.0	0.0	0.0	0.0	0.0	0.0	0.0	0.0	0.0	0.0	0.0	0.0	0.0	0.0	0.0	1.71337517776e-05	0.0	0.0	0.0	4.64622328422e-05	0.0	0.0	0.0	0.0	0.0	0.0	0.0
k__Archaea;p__[Parvarchaeota];c__[Parvarchaea]	8.61734671895e-05	4.16100307914e-05	0.0	9.298433214e-05	3.73776482731e-06	1.50552527777e-05	7.29112742703e-05	2.48931668257e-05	4.69667318982e-05	0.0	8.66742309632e-05	1.85420967403e-05	0.0	8.17691878833e-05	6.72642723575e-05	3.68310559464e-05	0.0001560039586	2.12654351617e-05	6.85350071105e-05	0.0	2.40122942947e-05	4.89375122344e-05	1.99123855038e-05	6.32880237963e-05	6.81802686303e-05	5.23496257002e-05	0.00011365089287	1.01125527117e-05	0.0	0.000481372348805
k__Bacteria;Other;Other	0.0	0.0	0.0	9.298433214e-06	2.189262256e-05	0.0	0.0	0.0	0.0	8.36974170977e-06	0.0	6.18069891343e-06	0.0	0.0	0.0	0.0	0.0	0.0	5.71125059254e-06	0.0	8.00409809823e-06	0.0	0.0	7.03200264403e-06	0.0	0.0	0.0	4.04502108467e-05	0.0	0.0
k__Bacteria;p__;c__	0.000129260200784	0.000208050153957	0.000184376806394	0.000223162397136	0.000325185539976	0.000873204661106	0.000430176518195	0.000182549890055	6.78408349641e-05	0.000100436900517	0.000212745839637	0.000241047257624	0.0	0.000200706188441	0.000426007058264	7.36621118927e-05	0.000273006927551	7.08847838723e-05	0.000296985030812	0.000258661941775	0.000464237689697	0.000190312547578	0.000192486393203	4.92240185082e-05	2.92201151273e-05	0.000183223689951	0.000241508147348	0.000171913396099	2.54965452181e-05	0.00020421857222
k__Bacteria;p__AC1;c__	0.0	0.0	0.0	0.0	0.0	0.0	0.0	0.0	0.0	0.0	0.0	0.0	0.0	0.0	0.0	0.0	0.0	0.0	0.0	0.0	0.0	0.0	6.63746183459e-06	0.0	0.0	0.0	0.0	0.0	0.0	0.0
k__Bacteria;p__AD3;c__ABS-6	0.000107716833987	0.0	2.98989415775e-05	9.298433214e-06	0.0	0.0	7.29112742703e-06	0.0	1.56555772994e-05	0.0	0.0	6.18069891343e-06	0.0	0.0	0.0	0.0	0.0	4.96193487106e-05	0.0	0.0	0.0	5.43750135938e-06	5.97371565114e-05	0.0	8.76603453818e-05	0.0	0.0	0.0	0.0	0.0
k__Bacteria;p__AD3;c__JG37-AG-4	0.0	0.0	4.98315692958e-06	9.298433214e-06	0.0	0.0	0.0	0.0	2.08741030659e-05	0.0	0.0	0.0	0.0	0.0	0.0	0.0	0.0	0.000524547400655	1.14225011851e-05	0.0	0.0	0.0	0.0	0.0	6.81802686303e-05	0.0	0.0	0.0	0.0	0.0
k__Bacteria;p__Acidobacteria;Other	0.0	0.0	0.0	0.0	3.20379842341e-06	0.0	0.0	8.29772227524e-06	0.0	0.0	7.87947554211e-06	0.0	0.0	0.0	0.0	0.0	0.0	0.0	0.0	0.0	0.0	0.0	0.0	0.0	0.0	0.0	0.0	0.0	0.0	0.0
k__Bacteria;p__Acidobacteria;c__	0.000236977034771	0.00112347083137	0.00227730271682	0.000613696592124	0.000658914542415	0.00284544277498	0.00132698519172	0.00146039912044	0.000636660143509	0.00172416679221	0.00695757690368	0.00144010284683	0.0	0.00685374465713	0.00181165106883	0.000527911801898	0.00161854107048	7.79732622595e-05	0.00518010428744	0.00104758086419	0.00142472946148	0.00445331361333	0.00133412982875	0.000302376113693	0.000379861496654	0.000959743137837	0.00393516216562	0.00167868375014	0.000178475816527	0.00103567990198
k__Bacteria;p__Acidobacteria;c__AT-s54	4.30867335947e-05	8.32200615828e-05	6.97641970141e-05	8.3685898926e-05	7.20854645267e-05	0.000180663033332	0.000182278185676	0.000224038501431	0.0	0.000234352767874	0.000133951084216	7.41683869612e-05	0.00130039011704	0.000141237688162	0.00015246568401	7.36621118927e-05	0.000224255690488	3.54423919361e-05	1.71337517776e-05	0.000129330970888	0.000176090158161	2.17500054375e-05	0.000232311164211	4.92240185082e-05	0.0003214212664	0.000244298253267	0.00011365089287	8.09004216934e-05	7.64896356544e-05	0.00020421857222
k__Bacteria;p__Acidobacteria;c__Acidobacteria-5	0.00506269119738	0.00981996726678	0.00964240865873	0.00535589753127	0.00980095334362	0.0106440637138	0.00829001188454	0.00414886113762	0.00690932811481	0.00335626642562	0.00650844679778	0.00658244434281	0.00390117035111	0.00872700241591	0.00723315142085	0.00978478386309	0.00474349536619	0.00698215121142	0.00610532688343	0.0047205804374	0.0076519177819	0.00342018835505	0.00465286074605	0.00674369053563	0.00891213511381	0.0048074406268	0.00420508303618	0.00361018131807	0.00147879962265	0.00444904746623
k__Bacteria;p__Acidobacteria;c__Acidobacteria-6	0.0762635184627	0.0834419817471	0.115404931332	0.0845878469478	0.099571919134	0.126087742013	0.079837845326	0.117553831473	0.0818838878017	0.109057734478	0.106609304085	0.104929725453	0.115734720416	0.10783125813	0.100631835732	0.10185014671	0.126353456219	0.0609042063031	0.115047431936	0.138254807879	0.118660754306	0.095428148857	0.0982477100757	0.107441968398	0.103185966553	0.0756364841991	0.101433421886	0.104422219301	0.0294995028174	0.091227353619
k__Bacteria;p__Acidobacteria;c__Acidobacteriia	0.059114998492	0.000457710338706	0.00238693216927	0.00575573015947	0.000138297298611	0.000135497274999	0.000233316077665	2.48931668257e-05	0.0142361382909	0.000108806642227	7.87947554211e-06	0.004141068272	0.00390117035111	2.97342501394e-05	0.000300447083197	0.000417418634059	2.92507422376e-05	0.067255482938	3.42675035553e-05	7.75985825326e-05	0.00013606966767	0.000924375231094	0.000311960706226	0.0116871883944	0.0300967185811	0.00176243739857	0.000170476339305	0.000192138501522	0.00101986180872	0.000408437144441
k__Bacteria;p__Acidobacteria;c__BPC102	0.000107716833987	0.0011096008211	0.00058801251769	0.000204565530708	0.000285138059684	0.000873204661106	0.000656201468433	0.00127784923039	0.00017742987606	0.000644470111652	0.00227716843167	0.000512998009815	0.0	0.00289165582605	0.000847529831705	0.000527911801898	0.00141378587482	2.12654351617e-05	0.0033696378496	0.000530256980639	0.000640327847858	0.000913500228375	0.00266162219567	0.000182832068745	0.000214280844267	0.000549671069852	0.00190365245557	0.00243712520352	0.000127482726091	0.000408437144441
k__Bacteria;p__Acidobacteria;c__DA052	0.0202292214227	0.00058254043108	0.00170922282685	0.00131107908317	0.000368436818692	0.000436602330553	0.000357265243925	0.000149359000954	0.00416960208741	0.000334789668391	0.00026002269289	0.000494455913075	0.0	0.000170971938301	0.00032735279214	0.00030692546622	0.000312007917201	0.0106114521457	0.000194182520146	0.000232795747598	0.000280143433438	0.000527437631859	0.000378335324572	0.00218695282229	0.00452911784472	0.00137854014344	0.000539841741132	0.000475289977449	0.000280461997399	0.000320914899204
k__Bacteria;p__Acidobacteria;c__EC1113	0.00148649230902	0.00109573081084	0.000558113576113	0.000613696592124	0.000105191381569	0.000331215561109	0.000357265243925	0.000331908891009	0.000537508153947	0.000401747602069	0.00115828290469	0.000494455913075	0.0	0.000349377439138	0.000156949968834	0.000380587578113	0.000394885020207	0.00038277783291	0.000822420085326	0.000245728844686	0.000312159825831	0.000799312699828	0.00199123855038	0.000562560211523	0.00121750479697	0.000436246880835	0.000767143526871	0.00204273564776	7.64896356544e-05	0.000335501940076
k__Bacteria;p__Acidobacteria;c__GAL08	0.0	0.0	0.0	0.0	0.0	0.0	0.0	0.0	0.0	0.0	0.0	0.0	0.0	0.0	0.0	0.0	0.0	0.0	2.28450023702e-05	0.0	0.0	0.0	0.0	0.0	0.0	0.0	0.0	0.0	0.0	0.0
k__Bacteria;p__Acidobacteria;c__Holophagae	0.0	0.0	0.0	0.0	0.0	0.0	0.0	0.0	0.0	0.0	0.0	0.0	0.0	0.0	0.0	0.0	0.0	0.0	0.0	0.0	0.0	0.0	0.0	1.40640052881e-05	0.0	0.0	0.0	0.0	0.0	0.0
k__Bacteria;p__Acidobacteria;c__PAUC37f	0.000560127536731	0.00352298260701	0.00290019733301	0.000176670231066	0.00189611470026	0.00296588479721	0.0029674888628	0.00213251462474	0.00140900195695	0.00234352767874	0.00331725920323	0.00216942531862	0.0	0.00324103326519	0.00230043811463	0.00235718758057	0.0035003388211	0.000163035002906	0.0100803572958	0.00147437306812	0.00344176218224	0.00375731343933	0.00346475507766	0.000646944243251	0.000516222033915	0.00301010347776	0.00465968660766	0.00336748005299	0.000127482726091	0.00160457449602
k__Bacteria;p__Acidobacteria;c__RB25	0.000280063768366	0.0016089211906	0.00280551735135	0.000548607559626	0.00434969032618	0.0085062178194	0.00344870327299	0.00648052109696	0.00125766470972	0.00280386347277	0.00774552445789	0.00226831650123	0.00390117035111	0.0214383943505	0.00630042017749	0.00121542484623	0.00439736158305	0.000418220224847	0.00714477449127	0.00375059815574	0.00296151629634	0.00297975074494	0.00114164343555	0.00102667238603	0.000477261880412	0.00343762542098	0.0108536602691	0.00220453649115	0.000305958542617	0.00182338010911
k__Bacteria;p__Acidobacteria;c__S035	0.0	0.00147022108796	0.00105642926907	9.298433214e-05	0.000607119801236	0.000812983649995	0.00128323842716	0.00102061983985	0.000323548597521	0.00179112472589	0.00178076147252	0.000716961073958	0.0	0.000765656941089	0.000946184097829	0.000196432298381	0.00196467485362	2.83539135489e-05	0.00390078415471	0.000931182990391	0.00137670487289	0.00100593775148	0.00291384574539	0.000189864071389	5.84402302545e-05	0.000881218699286	0.00251452600474	0.00161800843387	0.000152979271309	0.0008606354115
k__Bacteria;p__Acidobacteria;c__Solibacteres	0.0210909560946	0.00395295292519	0.0041958181347	0.0073736575387	0.00703981306904	0.00334226611665	0.00321538719532	0.00275484379538	0.00830267449446	0.00230167897019	0.00218261472516	0.00733648961025	0.00390117035111	0.00341943876603	0.00322420078834	0.00654365093981	0.00330045874914	0.025114478926	0.00234732399353	0.00329793975763	0.00381795479285	0.00383887595972	0.00294703305456	0.00666633850654	0.0145029171415	0.00490341494058	0.00281285959853	0.00322590431503	0.00535427449581	0.00373428246346
k__Bacteria;p__Acidobacteria;c__Sva0725	0.00202507647895	0.00352298260701	0.0013305029002	0.00165512111209	0.00264313369931	0.00373370268887	0.00363098145866	0.00219059868066	0.000673189823875	0.0016237298917	0.00372699193142	0.00325722832738	0.0104031209363	0.00185095707118	0.00187891534119	0.00243084969246	0.00232055888418	0.0003331584842	0.0020674727145	0.00350486931105	0.00223314336941	0.00147900036975	0.00303332005841	0.000850872319928	0.00260059024633	0.00182351196189	0.001960477902	0.00357984365994	0.000305958542617	0.00166292265951
k__Bacteria;p__Acidobacteria;c__TM1	0.00555818863372	4.16100307914e-05	6.47810400845e-05	4.649216607e-05	5.33966403902e-05	0.000120442022222	4.37467645622e-05	4.14886113762e-05	0.000166992824527	3.34789668391e-05	9.45537065053e-05	3.70841934806e-05	0.0	8.17691878833e-05	4.48428482383e-05	0.0	6.33766081814e-05	0.000545812835817	2.85562529627e-05	0.0	2.40122942947e-05	4.3500010875e-05	4.64622328422e-05	2.10960079321e-05	0.000584402302545	8.7249376167e-06	4.26190848262e-05	7.07878689818e-05	5.09930904362e-05	0.0
k__Bacteria;p__Acidobacteria;c__[Chloracidobacteria]	0.0229867723728	0.0569225221227	0.031702844386	0.0306662327398	0.0391541544989	0.0487187979886	0.0310893673489	0.0277143923993	0.0285244618395	0.0238119151643	0.0386567070096	0.0413303336341	0.0260078023407	0.0383571826798	0.0409549732961	0.0480399739727	0.0348912603657	0.0384124643804	0.042862935697	0.0245858175657	0.0401405519626	0.0305913826478	0.0356099827426	0.0271786902192	0.0287818134003	0.0288010190727	0.0368939210979	0.102187345152	0.00739399811326	0.0359862298334
k__Bacteria;p__Acidobacteria;c__iii1-8	0.00402860959111	0.00289883214514	0.00188363331938	0.00242689106885	0.000827647926048	0.00395953148053	0.00234045190408	0.0051611832552	0.000991519895629	0.00201710775205	0.00351424609178	0.00215706392079	0.00130039011704	0.00452703958372	0.00301343940162	0.00303242360625	0.00364171740858	0.00286374526844	0.00288418154923	0.00237968986433	0.00163283601204	0.00296343824086	0.00539625647153	0.000787584296132	0.00316551247212	0.00337655085766	0.00376468582631	0.0040652461901	0.000458937813926	0.0053826180821
k__Bacteria;p__Actinobacteria;Other	0.0	0.0	0.0	0.0	1.86888241366e-05	0.0	2.91645097081e-05	1.65954445505e-05	0.0	0.0	0.0	0.0	0.0	0.0	0.0	1.22770186488e-05	0.0	0.0	1.14225011851e-05	0.0	0.0	0.0	0.0	0.0	0.0	0.0	0.0	0.0	0.0	0.0
k__Bacteria;p__Actinobacteria;c__	0.0	0.0	0.0	0.0	0.0	0.0	0.0	0.0	0.0	0.0	0.0	0.0	0.0	7.43356253484e-06	0.0	0.0	0.0	0.0	0.0	0.0	0.0	0.0	0.0	0.0	0.0	0.0	0.0	0.0	0.0	0.0
k__Bacteria;p__Actinobacteria;c__Acidimicrobiia	0.00967297169202	0.0163250020805	0.0203910781558	0.0139197545214	0.0141372945097	0.0152961368221	0.0129782068201	0.0418951997677	0.0142622309198	0.0291183314083	0.0303674987393	0.00983967267019	0.0195058517555	0.0198624790931	0.0174528365344	0.0156286447399	0.0203926424633	0.0111927073734	0.0217141747528	0.0275474967991	0.0147755650893	0.0217826304457	0.0173569626975	0.00892361135528	0.0087173343463	0.0211056240948	0.0301174866105	0.0163519977348	0.00362050942097	0.0205239665082
k__Bacteria;p__Actinobacteria;c__Actinobacteria	0.037420828127	0.0427196316125	0.0342143554785	0.0356594913757	0.0247765751074	0.0244045647526	0.0352963478743	0.0509480147699	0.0465335942596	0.051708264283	0.0367104765507	0.0401560008406	0.0416124837451	0.0229102397324	0.0377307725077	0.0378009404196	0.0368900610853	0.0433389568595	0.0230391848903	0.0385018300332	0.032272523532	0.0544837636209	0.0302535510421	0.032930868382	0.0280026103303	0.0382065018235	0.0285405804719	0.0219139017262	0.148593865531	0.0451760655833
k__Bacteria;p__Actinobacteria;c__Coriobacteriia	0.0	0.0	0.0	0.0	0.0	0.0	0.0	0.0	0.0	0.0	0.0	6.18069891343e-06	0.0	0.0	0.0	0.0	9.75024741253e-06	0.0	0.0	0.0	0.0	5.43750135938e-06	1.32749236692e-05	0.0	0.0	8.7249376167e-06	0.0	1.01125527117e-05	0.0	0.0
k__Bacteria;p__Actinobacteria;c__KIST-JJY010	0.0	0.0	0.0	0.0	3.20379842341e-06	0.0	0.0	0.0	0.0	0.0	7.87947554211e-06	0.0	0.0	0.0	0.0	0.0	0.0	0.0	0.0	0.0	0.0	0.0	0.0	0.0	0.0	0.0	0.0	0.0	0.0	0.0
k__Bacteria;p__Actinobacteria;c__MB-A2-108	0.0008186479383	0.0126078393298	0.0129861069585	0.0013947649821	0.00242741127214	0.00776851043329	0.0118845377061	0.0300460523586	0.000897586431833	0.0254607542811	0.0181149142713	0.00460462069051	0.0130039011704	0.00892770860435	0.0120537576065	0.00427240248978	0.0135625941508	0.000836440449693	0.0174021805555	0.0116915197682	0.00854837676891	0.0142516910629	0.0169056152927	0.00177909666894	0.000964263799199	0.0174324253582	0.0210538279041	0.00726081284699	0.000841385992198	0.00687049625113
k__Bacteria;p__Actinobacteria;c__Nitriliruptoria	0.0	0.0	1.49494707887e-05	0.0	3.73776482731e-06	1.50552527777e-05	5.10378919892e-05	6.63817782019e-05	0.0	5.02184502586e-05	3.15179021684e-05	0.0	0.0	0.0	4.48428482383e-06	0.0	9.75024741253e-06	0.0	5.14012553329e-05	0.0	0.0	0.0	3.98247710076e-05	0.0	0.0	0.0	0.0	1.01125527117e-05	0.0	1.45870408729e-05
k__Bacteria;p__Actinobacteria;c__OPB41	0.0	1.38700102638e-05	0.0	0.0	1.12132944819e-05	0.0	0.0	1.65954445505e-05	0.0	8.36974170977e-06	0.0	0.0	0.0	0.0	0.0	0.0	4.87512370626e-06	7.08847838723e-06	5.71125059254e-06	0.0	1.60081961965e-05	5.43750135938e-06	0.000298685782557	0.0	0.0	0.0	0.0	0.0	0.0	1.45870408729e-05
k__Bacteria;p__Actinobacteria;c__Rubrobacteria	2.15433667974e-05	0.00368942273017	0.00102653032749	0.000102282765354	0.00157146312668	0.00133991749721	0.0018081996019	0.00135252873086	0.00118460534899	0.0029963675321	0.00222201210287	0.00132885026639	0.0	0.00127857275599	0.00137219115609	0.00127680993947	0.00299820107935	1.41769567745e-05	0.00388365040293	0.00121571112634	0.00147275405007	0.000978750244688	0.00256206026815	0.000457080171862	1.94800767515e-05	0.00092484338737	0.00323905044679	0.0015573331176	2.54965452181e-05	0.000568894594043
k__Bacteria;p__Actinobacteria;c__Thermoleophilia	0.0518333405145	0.0608893450581	0.0597131694871	0.0638988330466	0.0169518314247	0.0384059498359	0.065496197677	0.137094967431	0.0586196999348	0.109032625253	0.0780934820978	0.0297600652682	0.0663198959688	0.0395539862479	0.0630400760535	0.0473401839097	0.0639908737684	0.102215858344	0.0521151616569	0.0728909351923	0.0611673176666	0.0796974574244	0.0725341829284	0.0446321207817	0.0524598466918	0.0793096829358	0.0900399198761	0.0564887194475	0.0145585273195	0.0695510108819
k__Bacteria;p__Armatimonadetes;Other	0.0	0.0	0.0	0.0	0.0	0.0	0.0	0.0	0.0	0.0	0.0	0.0	0.0	0.0	0.0	0.0	0.0	0.0	0.0	0.0	0.0	0.0	0.0	7.03200264403e-06	0.0	0.0	0.0	0.0	0.0	0.0
k__Bacteria;p__Armatimonadetes;c__0319-6E2	0.000366237235555	0.000457710338706	0.000219258904901	0.000241759263564	0.000130287802552	0.00039143657222	0.000408303135914	0.000605733726092	0.000229615133725	0.000560772694555	0.000638237518911	0.000506817310902	0.0	0.000297342501394	0.000417038488617	0.000294648447571	0.000536263607689	0.000141769567745	0.000970912600732	0.000400926009752	0.000520266376385	0.000271875067969	0.000829682729324	0.000203928076677	0.00045778180366	0.000357722442285	0.000568254464349	0.000596640609989	0.000254965452181	0.000437611226187
k__Bacteria;p__Armatimonadetes;c__Armatimonadia	0.000193890301176	0.0	9.96631385916e-06	4.649216607e-05	1.97567569444e-05	3.01105055554e-05	7.29112742703e-06	1.65954445505e-05	9.39334637965e-05	0.0	3.15179021684e-05	3.09034945672e-05	0.0	5.94685002788e-05	5.82957027099e-05	6.1385093244e-05	2.43756185313e-05	0.000248096743553	0.0	0.0	8.00409809823e-06	1.08750027188e-05	4.64622328422e-05	2.10960079321e-05	5.84402302545e-05	1.74498752334e-05	2.84127232175e-05	0.0	0.0	2.91740817458e-05
k__Bacteria;p__Armatimonadetes;c__Chthonomonadetes	0.000517040803137	0.000166440123166	4.98315692958e-06	9.298433214e-05	3.84455810809e-05	0.000135497274999	8.02024016974e-05	3.31908891009e-05	0.000114807566862	5.02184502586e-05	0.000283661119516	0.000160698171749	0.0	0.000104069875488	0.000170402823306	1.22770186488e-05	0.000175504453426	0.000737201752272	0.000199893770739	1.29330970888e-05	7.2036882884e-05	7.06875176719e-05	0.000205761316872	4.92240185082e-05	0.000740242916557	0.000148323939484	0.00011365089287	0.000283151475927	2.54965452181e-05	0.000291740817458
k__Bacteria;p__Armatimonadetes;c__OPB50	8.61734671895e-05	0.0	0.0	0.0	0.0	0.0	0.0	0.0	2.60926288324e-05	0.0	0.0	4.3264892394e-05	0.0	0.0	0.0	0.0	0.0	2.83539135489e-05	0.0	0.0	0.0	1.08750027188e-05	0.0	4.21920158642e-05	2.92201151273e-05	0.0	0.0	0.0	0.0	4.37611226187e-05
k__Bacteria;p__Armatimonadetes;c__SHA-37	0.0	0.0	0.0	0.0	0.0	0.0	0.0	0.0	0.0	0.0	0.0	3.09034945672e-05	0.0	0.0	0.0	0.0	0.0	0.0	0.0	0.0	0.0	0.0	0.0	7.03200264403e-06	0.0	0.0	0.0	0.0	0.0	0.0
k__Bacteria;p__Armatimonadetes;c__SJA-176	0.0	0.0	0.0	0.0	1.12132944819e-05	0.0	0.0	0.0	5.21852576647e-06	0.0	7.87947554211e-06	0.0	0.0	0.0	0.0	0.0	9.75024741253e-06	7.08847838723e-06	1.14225011851e-05	0.0	0.0	0.0	0.000975706889685	1.40640052881e-05	0.0	0.0	0.0	0.0	0.0	0.0
k__Bacteria;p__Armatimonadetes;c__[Fimbriimonadia]	0.00103408160627	0.000471580348969	7.97305108732e-05	0.000585801292482	0.000394601172483	0.000436602330553	0.000452049900476	0.000389992946936	0.000673189823875	0.000326419926681	0.000457009581442	0.00101981532072	0.0	0.000223006876045	0.000278025659078	0.000429695652708	0.000589889968458	0.00119795284744	0.000199893770739	0.000142264067976	0.000336172120126	0.000108750027188	0.000444709942918	0.000632880237963	0.00104218410621	0.000270473066118	0.000483016294697	0.00120339377269	0.000458937813926	0.000714765002772
k__Bacteria;p__BHI80-139;c__	0.000107716833987	2.77400205276e-05	9.96631385916e-06	3.7193732856e-05	5.07268083707e-05	9.03315166662e-05	0.000109366911406	0.000149359000954	2.60926288324e-05	6.69579336782e-05	7.87947554211e-05	0.000185420967403	0.0	5.20349377439e-05	9.41699813005e-05	2.45540372976e-05	3.90009896501e-05	9.2150219034e-05	9.13800094807e-05	0.000116397873799	0.00013606966767	5.43750135938e-05	0.000132749236692	2.81280105761e-05	3.8960153503e-05	6.10745633169e-05	7.10318080436e-05	6.06753162701e-05	0.0	0.000116696326983
k__Bacteria;p__BRC1;c__NPL-UPA2	0.0	0.0	0.0	0.0	0.0	0.0	0.0	0.0	0.0	0.0	0.0	0.0	0.0	2.23006876045e-05	0.0	0.0	0.0	0.0	0.0	0.0	0.0	0.0	5.30996946768e-05	0.0	0.0	0.0	0.0	0.0	0.0	0.0
k__Bacteria;p__BRC1;c__PRR-11	0.000366237235555	0.000679630502927	0.000214275747972	0.000381235761774	0.000319845875937	0.000150552527777	0.000386429753633	0.000224038501431	0.000365296803653	0.000175764575905	0.000252143217347	0.000364661235893	0.0	0.000200706188441	0.000233182810839	0.000982161491903	0.000282757174963	0.000396954789685	0.000154203765999	0.000271595038864	0.000552282768778	0.000168562542141	0.000949157042347	0.000267216100473	0.000243500959394	0.000305372816584	0.000170476339305	9.10129744051e-05	0.000917875627852	0.000364676021822
k__Bacteria;p__Bacteroidetes;Other	2.15433667974e-05	0.0	0.0	9.298433214e-06	2.66983201951e-05	0.0	0.0	0.0	0.0	1.67394834195e-05	0.0	0.0	0.0	0.0	0.0	0.0	0.0	0.0	0.0	0.0	0.0	0.0	3.3187309173e-05	0.0	0.0	0.0	0.0	0.0	0.0	0.0
k__Bacteria;p__Bacteroidetes;c__	2.15433667974e-05	1.38700102638e-05	0.0	0.0	0.0	0.0	7.29112742703e-06	0.0	0.0	8.36974170977e-06	2.36384266263e-05	4.3264892394e-05	0.0	2.23006876045e-05	0.0	7.36621118927e-05	4.87512370626e-06	0.0	1.71337517776e-05	3.87992912663e-05	2.40122942947e-05	5.43750135938e-06	0.0	2.10960079321e-05	0.0	0.0	0.0	5.05627635584e-05	7.64896356544e-05	0.0
k__Bacteria;p__Bacteroidetes;c__At12OctB3	0.000193890301176	0.000166440123166	4.98315692958e-05	0.000223162397136	4.27173123121e-05	0.000135497274999	5.83290194163e-05	1.65954445505e-05	0.000469667318982	2.51092251293e-05	3.93973777105e-05	9.27104837015e-05	0.0	2.23006876045e-05	8.0717126829e-05	0.000147324223785	3.90009896501e-05	0.000106327175808	3.99787541478e-05	3.87992912663e-05	2.40122942947e-05	9.78750244688e-05	9.95619275189e-05	0.000119544044949	6.81802686303e-05	8.7249376167e-05	8.52381696524e-05	0.0	7.64896356544e-05	0.000131283367856
k__Bacteria;p__Bacteroidetes;c__BME43	2.15433667974e-05	0.0	0.0	2.7895299642e-05	2.189262256e-05	1.50552527777e-05	7.29112742703e-06	0.0	1.56555772994e-05	0.0	0.0	9.88911826149e-05	0.0	7.43356253484e-05	8.96856964767e-06	1.22770186488e-05	1.46253711188e-05	0.0	0.0	0.0	8.00409809823e-06	2.71875067969e-05	6.63746183459e-06	1.40640052881e-05	0.0	0.0	4.26190848262e-05	0.0	2.54965452181e-05	0.0
k__Bacteria;p__Bacteroidetes;c__Bacteroidia	0.0	4.16100307914e-05	0.0	4.649216607e-05	8.7036523836e-05	0.000135497274999	7.29112742703e-05	9.95726673028e-05	1.56555772994e-05	5.85881919684e-05	7.87947554211e-05	1.85420967403e-05	0.0	0.000178405500836	3.58742785907e-05	3.68310559464e-05	0.000107252721538	0.000170123481294	0.000119936262443	1.29330970888e-05	8.00409809823e-06	8.700002175e-05	0.002648347272	1.40640052881e-05	1.94800767515e-05	8.7249376167e-06	8.52381696524e-05	0.000101125527117	5.09930904362e-05	1.45870408729e-05
k__Bacteria;p__Bacteroidetes;c__Cytophagia	0.0186996423801	0.0251047185775	0.0391526639957	0.0225394021107	0.0464443978114	0.0217096745054	0.0220994072313	0.0108949093474	0.0194911937378	0.0174425417232	0.0108657967726	0.019203431524	0.0247074122237	0.0187697454005	0.0174931950978	0.0518335727352	0.0129190778216	0.012411925656	0.00886957217022	0.0192573815652	0.0224675033617	0.0193466298367	0.015571485464	0.0144296694256	0.0136652738412	0.0135323782435	0.00950405591624	0.00941478657458	0.051783483338	0.0287948186831
k__Bacteria;p__Bacteroidetes;c__Flavobacteriia	0.00286526778405	0.00593636439291	0.00683190815045	0.00516992886699	0.0149686802006	0.00995152208606	0.0101055026139	0.00450566319545	0.00735812133072	0.00426856827198	0.00414460413515	0.00535866595795	0.00650195058518	0.00810258316298	0.00606275308182	0.0076240285809	0.00321270652243	0.0078823879666	0.003826537897	0.0118855162246	0.00634724979189	0.0191617547904	0.00219036240542	0.00586469020512	0.00259085020795	0.00372554836233	0.00507167109432	0.00176969672454	0.017184671477	0.00441987338449
k__Bacteria;p__Bacteroidetes;c__SM1A07	0.0	0.0	0.0	0.0	0.0	7.52762638885e-05	0.0	0.0	0.0	0.0	0.0	0.0	0.0	0.0	0.0	0.0	0.0	0.0	0.0	0.0	0.0	0.0	0.0	0.0	0.0	0.0	0.0	0.0	0.0	0.0
k__Bacteria;p__Bacteroidetes;c__Sphingobacteriia	0.00975914515921	0.0137590501817	0.00930355398752	0.0167836719513	0.020341984123	0.0127066333444	0.0181913629304	0.00632286437373	0.0178525766471	0.00801821255796	0.00791887291982	0.0147533283064	0.0143042912874	0.011841665118	0.0118743862135	0.0152235031245	0.00672279559094	0.0151409898351	0.00542568806292	0.0129201639917	0.0122782864827	0.0105596276399	0.00671047391477	0.0114621643098	0.0105095014074	0.00994642888303	0.00794135613928	0.00448997340399	0.0963259478341	0.0122385272924
k__Bacteria;p__Bacteroidetes;c__VC2_1_Bac22	0.0	2.77400205276e-05	1.49494707887e-05	3.7193732856e-05	0.000148976626689	9.03315166662e-05	7.29112742703e-05	4.97863336514e-05	2.08741030659e-05	0.000100436900517	8.66742309632e-05	4.3264892394e-05	0.0	0.000111503438023	9.86542661244e-05	7.36621118927e-05	4.38761133564e-05	7.08847838723e-06	5.71125059254e-06	1.29330970888e-05	0.000160081961965	2.71875067969e-05	2.65498473384e-05	8.43840317284e-05	6.81802686303e-05	2.61748128501e-05	0.0	4.04502108467e-05	2.54965452181e-05	7.29352043644e-05
k__Bacteria;p__Bacteroidetes;c__[Rhodothermi]	0.0	2.77400205276e-05	9.96631385916e-06	2.7895299642e-05	2.66983201951e-06	0.0	0.0	0.0	5.21852576647e-06	0.0	7.87947554211e-06	0.0	0.0	0.0	0.0	2.45540372976e-05	0.0	0.0	0.0	0.0	0.0	0.0	3.3187309173e-05	0.0	0.0	0.0	0.0	1.01125527117e-05	0.0	0.0
k__Bacteria;p__Bacteroidetes;c__[Saprospirae]	0.0384333663665	0.043898582485	0.0393171081744	0.0510576967781	0.103805738751	0.0495167263858	0.0553177837889	0.0247769987139	0.0564540117417	0.0297544317782	0.0274678517398	0.0548166186632	0.0611183355007	0.0363798550455	0.0432419585562	0.0667010423189	0.0317906816885	0.0487829082609	0.019623857036	0.0393812806353	0.0431500928475	0.0401015725254	0.0240541616886	0.060369742699	0.0407425805258	0.0368454115553	0.0291656603827	0.0143497122979	0.0523954004232	0.0473203605917
k__Bacteria;p__Chlamydiae;c__Chlamydiia	0.00101253823948	0.00140087103664	0.00176902071	0.00159933051281	0.00127350987331	0.000496823341664	0.000371847498779	0.000555947392441	0.0025831702544	0.000569142436264	0.00070915279879	0.00134121166421	0.00130039011704	0.000669020628136	0.000511208469917	0.000994438510552	0.00044363625727	0.00140351872067	0.00130787638569	0.000801852019503	0.000912467183198	0.00106575026644	0.000544271870437	0.00145562454731	0.00138308544936	0.000959743137837	0.00166214430822	0.00106181803473	0.00107085489916	0.0012398984742
k__Bacteria;p__Chlorobi;c__	0.000624757637124	0.000319010236068	0.000244174689549	0.00032544516249	0.000753960562309	0.000105386769444	0.00039372088106	0.000124465834129	0.000662752772342	0.000192504059325	0.000173348461926	0.000166878870663	0.0	2.23006876045e-05	0.000282509943902	0.000331479503517	3.41258659438e-05	0.000992386974212	5.14012553329e-05	0.000116397873799	3.20163923929e-05	0.000157687539422	0.000371697862737	0.000625848235319	0.000399341573406	0.000209398502801	0.000269920870566	5.05627635584e-05	0.000152979271309	0.00065641683928
k__Bacteria;p__Chlorobi;c__BSV26	0.0	6.9350051319e-05	9.4679981662e-05	2.7895299642e-05	0.00107327247184	0.00103881244166	8.74935291244e-05	3.31908891009e-05	0.0	9.20671588075e-05	0.000204866364095	6.79876880478e-05	0.00260078023407	0.000267608251254	0.000165918538482	0.0	7.80019793002e-05	0.0	0.000194182520146	0.000297461233041	7.2036882884e-05	3.80625095156e-05	1.32749236692e-05	2.10960079321e-05	0.0	8.7249376167e-06	0.000426190848262	0.00012135063254	0.0	0.00020421857222
k__Bacteria;p__Chlorobi;c__Ignavibacteria	0.0	0.0	0.0	0.0	0.0	0.0	0.0	8.29772227524e-06	0.0	0.0	0.0	0.0	0.0	0.0	0.0	0.0	0.0	0.0	0.0	0.0	0.0	0.0	6.63746183459e-06	0.0	0.0	0.0	0.0	0.0	0.0	2.91740817458e-05
k__Bacteria;p__Chlorobi;c__OPB56	0.000258520401568	0.000221920164221	0.000124578923239	0.000167371797852	0.000206111031906	0.000105386769444	0.0002697717148	0.000157656723229	4.17482061318e-05	0.000100436900517	0.000157589510842	9.88911826149e-05	0.0	8.17691878833e-05	0.000130044259891	0.000135047205137	0.0001560039586	3.54423919361e-05	2.28450023702e-05	0.00010346477671	7.2036882884e-05	7.61250190313e-05	0.000371697862737	0.000267216100473	4.87001918788e-05	0.000122149126634	7.10318080436e-05	0.00012135063254	0.000866882537416	0.000831461329755
k__Bacteria;p__Chlorobi;c__SJA-28	8.61734671895e-05	0.000471580348969	0.000702625127071	0.000576502859268	0.00184859169031	0.000677486374996	0.000707239360422	0.000431481558312	0.000375733855186	0.000242722509583	0.000583081190116	0.000457371719594	0.0	0.000869726816577	0.000847529831705	0.00158373540569	0.000385134772795	0.000318981527425	0.000308407531997	0.00102171467001	0.000744381123135	0.000152250038063	4.64622328422e-05	0.000246120092541	0.000155840614012	0.000540946132235	0.000369365401827	0.00012135063254	2.54965452181e-05	0.00055430755317
k__Bacteria;p__Chloroflexi;Other	0.0	0.0	0.0	0.0	3.20379842341e-06	0.0	0.0	0.0	0.0	0.0	0.0	0.0	0.0	7.43356253484e-06	0.0	0.0	0.0	0.0	5.71125059254e-06	0.0	8.00409809823e-06	0.0	6.63746183459e-06	0.0	0.0	0.0	0.0	0.0	0.0	0.0
k__Bacteria;p__Chloroflexi;c__	0.0	9.70900718467e-05	9.96631385916e-05	3.7193732856e-05	4.80569763512e-06	0.0	1.45822548541e-05	9.95726673028e-05	4.69667318982e-05	5.85881919684e-05	0.000236384266263	3.70841934806e-05	0.0	2.97342501394e-05	3.58742785907e-05	6.1385093244e-05	8.77522267128e-05	0.0	9.13800094807e-05	7.75985825326e-05	6.40327847858e-05	0.000119625029906	5.30996946768e-05	3.51600132202e-05	0.0	6.10745633169e-05	4.26190848262e-05	7.07878689818e-05	0.0	2.91740817458e-05
k__Bacteria;p__Chloroflexi;c__Anaerolineae	0.0040501529579	0.00660212488557	0.00485359484941	0.00239899576921	0.00355461435077	0.00548011201108	0.004046575722	0.00515288553292	0.00256229615134	0.0040258457624	0.0102827155825	0.00605708493516	0.00390117035111	0.00846682772719	0.00455154909619	0.0040759701914	0.00816095708429	0.0028850107036	0.00832700336393	0.00266421800028	0.0040420695396	0.00392043848011	0.0200185848931	0.00227133685402	0.00378887492817	0.00354232467238	0.00652071997841	0.00367085663434	0.00283011651921	0.00482831052893
k__Bacteria;p__Chloroflexi;c__C0119	0.000150803567582	8.32200615828e-05	2.98989415775e-05	1.8596866428e-05	2.56303873873e-05	0.000150552527777	0.000153113675968	0.000240633945982	0.000161774298761	0.000200873801035	7.0915279879e-05	0.000247227956537	0.0	8.17691878833e-05	0.000165918538482	9.82161491903e-05	0.000253506432726	0.000900236755178	0.000131358763628	9.05316796213e-05	0.000128065569572	0.000108750027188	0.000351785477234	0.000288312108405	9.74003837575e-06	0.000122149126634	9.94445312611e-05	0.0	0.000203972361745	0.000145870408729
k__Bacteria;p__Chloroflexi;c__Chloroflexi	0.000301607135163	0.00147022108796	0.00103649664135	0.000437026361058	0.000445327980854	0.000602210111108	0.000947846565514	0.000995726673028	0.00035485975212	0.000619360886523	0.00192259203227	0.000741683869612	0.0	0.000669020628136	0.000968605521948	0.000650681988386	0.00143816149335	0.000680493925174	0.000999468853695	0.000491457689373	0.00116059422424	0.000799312699828	0.000663746183459	0.000288312108405	0.000837643300315	0.000942293262603	0.0011365089287	0.000616865715413	0.000433441268708	0.000641829798407
k__Bacteria;p__Chloroflexi;c__Dehalococcoidetes	0.0	0.0	0.0	0.0	5.33966403902e-07	0.0	0.0	0.0	0.0	0.0	0.0	0.0	0.0	0.0	0.0	0.0	0.0	0.0	0.0	0.0	0.0	0.0	0.0	0.0	0.0	0.0	0.0	0.0	0.0	0.0
k__Bacteria;p__Chloroflexi;c__Ellin6529	0.00695850747555	0.0105550778108	0.0164494010245	0.0101910828025	0.00382747118317	0.00859654933606	0.0110241846697	0.0312409243663	0.00839138943249	0.0232678819532	0.021148512355	0.00976550428322	0.00780234070221	0.0126742241219	0.0132914202178	0.0086061900728	0.013874602068	0.00773352992047	0.0134385726443	0.0168776917008	0.0109015816098	0.0178295669574	0.0233107659631	0.0101471798153	0.00822059238913	0.0163243582808	0.0170760466537	0.0120137126215	0.00288110960965	0.017329404557
k__Bacteria;p__Chloroflexi;c__Gitt-GS-136	0.000624757637124	0.00332880246331	0.00270585421276	0.00119949788461	0.000514743613361	0.00261961398332	0.00154571901453	0.00883707422313	0.00117938682322	0.00855387602739	0.00313603126576	0.00126704327725	0.00130039011704	0.00461624233414	0.00225559526639	0.00146096521921	0.00293969959488	5.67078270978e-05	0.00346101785908	0.00373766505865	0.00167285650253	0.00381712595428	0.00723483339971	0.000450048169218	8.76603453818e-05	0.00185841171236	0.00500063928627	0.00256858838877	0.000382448178272	0.00227557837617
k__Bacteria;p__Chloroflexi;c__Ktedonobacteria	0.00747554827868	5.54800410552e-05	0.000423568339014	0.000530010693198	1.49510593093e-05	3.01105055554e-05	2.18733822811e-05	1.65954445505e-05	0.000318330071755	1.67394834195e-05	6.30358043369e-05	0.000111252580442	0.0	0.0	4.03585634145e-05	4.91080745952e-05	1.46253711188e-05	0.003331584842	0.000182760018961	0.0	8.00409809823e-06	8.15625203906e-05	5.97371565114e-05	0.000738360277623	0.00116880460509	8.7249376167e-05	1.42063616087e-05	4.04502108467e-05	7.64896356544e-05	5.83481634916e-05
k__Bacteria;p__Chloroflexi;c__P2-11E	6.46301003921e-05	0.000221920164221	0.000189359963324	4.649216607e-05	1.12132944819e-05	1.50552527777e-05	7.29112742703e-06	0.0	5.21852576647e-05	0.000159025092486	0.000173348461926	4.94455913075e-05	0.0	2.23006876045e-05	2.6905708943e-05	2.45540372976e-05	1.46253711188e-05	7.08847838723e-06	0.000142781264814	3.87992912663e-05	0.0	0.000315375078844	0.000869507500332	1.40640052881e-05	1.94800767515e-05	0.0001046992514	4.26190848262e-05	0.00111238079828	5.09930904362e-05	0.000233392653966
k__Bacteria;p__Chloroflexi;c__S085	0.00301607135163	0.00427196316125	0.00565588311507	0.00238039890278	0.00180000074755	0.00200234861943	0.00215088259098	0.00381695224661	0.00230658838878	0.00538174391938	0.00675271053959	0.00273804961865	0.00130039011704	0.00410332651923	0.00209416101273	0.00250451180435	0.0027983210074	0.00197768547004	0.0075788295363	0.00426792203929	0.00265736056861	0.0033060008265	0.00617947696801	0.00319956120304	0.00190904752165	0.00210270996562	0.00386413035757	0.0051068391194	0.001402309987	0.00240686174403
k__Bacteria;p__Chloroflexi;c__SAR202	2.15433667974e-05	0.000374490277123	0.000498315692958	1.8596866428e-05	1.49510593093e-05	9.03315166662e-05	4.37467645622e-05	2.48931668257e-05	2.08741030659e-05	6.69579336782e-05	7.87947554211e-05	0.000105071881528	0.0	0.000148671250697	3.13899937668e-05	8.59391305415e-05	6.33766081814e-05	1.41769567745e-05	0.000234161274294	5.1732388355e-05	4.00204904911e-05	9.78750244688e-05	0.000278773397053	2.81280105761e-05	2.92201151273e-05	0.0	8.52381696524e-05	0.000626978268124	0.0	7.29352043644e-05
k__Bacteria;p__Chloroflexi;c__SHA-26	2.15433667974e-05	0.0	9.96631385916e-06	0.0	4.27173123121e-06	0.0	0.0	0.0	0.0	8.36974170977e-06	0.0	0.0	0.0	0.0	0.0	0.0	0.0	1.41769567745e-05	0.0	1.29330970888e-05	0.0	0.0	1.32749236692e-05	7.03200264403e-06	0.0	8.7249376167e-06	0.0	0.0	0.0	0.0
k__Bacteria;p__Chloroflexi;c__TK10	0.00292989788444	0.00518738383866	0.00568079889972	0.00396113254917	0.000954197963773	0.00180663033332	0.00267584376572	0.00375057046841	0.00459230267449	0.00506369373441	0.00396337619768	0.00277513381213	0.00260078023407	0.00225980301059	0.00276231945148	0.00376904472518	0.00201830121439	0.00568495966656	0.00350670786382	0.00351780240814	0.00345777037843	0.00465450116363	0.00429443780698	0.00414184955734	0.00391549542705	0.00340272567051	0.0021167478797	0.00276072689029	0.00216720634354	0.00268401552061
k__Bacteria;p__Chloroflexi;c__TK17	0.0016588392434	0.00119282088269	0.00167932388527	0.00074387465712	0.0010129342682	0.0012796964861	0.000656201468433	0.000937642617102	0.000647097195042	0.000987629521753	0.000977054967221	0.000766406665266	0.00260078023407	0.000988663817134	0.000650221299456	0.00112948571569	0.00048263724692	0.00129719154486	0.000645371316957	0.00175890120407	0.00076839341743	0.000511125127781	0.00129430505775	0.000850872319928	0.00102270402945	0.000567120945085	0.000696111718828	0.00105170548201	0.000739399811326	0.000889809493246
k__Bacteria;p__Chloroflexi;c__Thermomicrobia	0.00185272954457	0.00482676357181	0.00303972572704	0.00280812683063	0.00129166473104	0.00140013850833	0.00148738999511	0.00162635356595	0.00284409654273	0.00371616531914	0.00208806101866	0.00231158139362	0.00130039011704	0.00116706931797	0.00132734830786	0.00428467950843	0.0018671723795	0.00151693437487	0.00211316271924	0.00231502437889	0.00328168022027	0.00267525066881	0.00484534713925	0.00163142461342	0.00235708928693	0.00184968677474	0.00154849341535	0.00241690009809	0.000917875627852	0.0027423636841
k__Bacteria;p__Cyanobacteria;c__	0.0	0.0	0.0	0.0	0.0	0.0	0.0	0.0	0.0	1.67394834195e-05	0.0	0.0	0.0	0.0	0.0	0.0	0.0	0.0	0.0	0.0	0.0	0.0	0.0	0.0	0.0	0.0	0.0	0.0	0.0	0.0
k__Bacteria;p__Cyanobacteria;c__4C0d-2	0.000581670903529	0.000638020472135	0.000318922043493	0.000939141754614	0.00122758876257	0.00135497274999	0.00203422455214	0.000788283616147	0.000579256360078	0.000418487085489	0.0004491301059	0.00146482564248	0.0	0.000810258316298	0.00142600257398	0.000945330435957	0.000658141700346	0.00106327175808	0.000536857555699	0.000801852019503	0.000832426202216	0.00100050025013	0.000929244656843	0.000632880237963	0.00106166418296	0.00095101820022	0.000752937165263	0.000930354849475	0.00127482726091	0.00115237622896
k__Bacteria;p__Cyanobacteria;c__Chloroplast	0.000581670903529	0.0021082415601	0.00047339990831	0.000483518527128	0.000278730462837	0.000707596880552	0.0025883502366	0.000356802057835	0.000156555772994	0.00104621771372	0.00150497982854	0.00161316241641	0.00130039011704	0.00153131388218	0.0016547011	0.00316747081139	0.00527488385018	0.00117668741228	0.000251295026072	0.000491457689373	0.00283345072677	0.00264806316202	0.00192486393203	0.000513336193014	0.00281487109059	0.00102954263877	0.00497222656305	0.000353939344909	0.000535427449581	0.00138576888292
k__Bacteria;p__Cyanobacteria;c__ML635J-21	0.000387780602353	0.000152570112902	4.98315692958e-06	0.000660188758194	0.000426105190314	0.000361326066665	0.00046663215533	0.000331908891009	0.00017742987606	0.000234352767874	0.000165468986384	0.000383203332633	0.0	0.000185839063371	0.000295962798373	0.000626127951088	0.000390009896501	0.000283539135489	0.000199893770739	0.000400926009752	0.000312159825831	0.000233812558453	0.000106199389354	0.000154704058169	0.000233760921018	0.000322822691818	0.000184682700913	5.05627635584e-05	0.000178475816527	0.000802287248009
k__Bacteria;p__Cyanobacteria;c__Nostocophycideae	0.0	0.0	0.0	0.0	1.0679328078e-06	0.0	0.0	3.31908891009e-05	0.0	4.18487085489e-05	0.0	0.0	0.0	8.17691878833e-05	0.0	0.0	0.000248631309019	0.0	5.71125059254e-06	0.0	0.0	5.43750135938e-06	1.99123855038e-05	0.0	0.0	0.0	8.52381696524e-05	0.0	0.0	0.0
k__Bacteria;p__Cyanobacteria;c__Oscillatoriophycideae	0.0	8.32200615828e-05	0.0	0.0	0.0	0.0	0.0	0.0	0.0	0.000142285609066	0.000196986888553	0.0	0.0	0.0	0.0	0.0	0.000414385515032	1.41769567745e-05	0.0	0.0	0.0	0.000217500054375	0.0	1.40640052881e-05	0.0	4.36246880835e-05	8.52381696524e-05	0.0	0.0	0.0
k__Bacteria;p__Cyanobacteria;c__Synechococcophycideae	0.0	0.0	0.0	0.0	2.66983201951e-06	0.0	0.0	0.0	0.0	0.0	0.0	0.0	0.0	0.0	0.0	0.0	8.28771030065e-05	0.0	0.0	0.0	0.0	5.43750135938e-06	0.0	0.0	0.0	2.61748128501e-05	0.0	0.0	0.0	0.0
k__Bacteria;p__Elusimicrobia;c__	0.0	0.0	0.0	0.0	0.0	0.0	7.29112742703e-06	0.0	0.0	0.0	0.0	0.0	0.0	0.0	0.0	0.0	0.0	0.0	0.0	0.0	0.0	0.0	1.99123855038e-05	0.0	0.0	0.0	0.0	0.0	0.0	0.0
k__Bacteria;p__Elusimicrobia;c__Elusimicrobia	0.00359774225516	0.00319010236068	0.00144013235265	0.00321725789205	0.00172791528303	0.00341754238054	0.00333933636158	0.00241463718209	0.00307371167645	0.00135589815698	0.00287600857287	0.00260825494147	0.0	0.00278758595057	0.00368608212519	0.00316747081139	0.00234980962642	0.00484143073848	0.00207889521569	0.00272888348573	0.00410610232439	0.00202818800705	0.00205761316872	0.00166658462664	0.00334083316288	0.00322822691818	0.00308278046909	0.00181014693539	0.000943372173071	0.00214429500831
k__Bacteria;p__Elusimicrobia;c__Endomicrobia	0.000129260200784	1.38700102638e-05	5.97978831549e-05	1.8596866428e-05	3.20379842341e-06	9.03315166662e-05	0.0	8.29772227524e-06	4.69667318982e-05	4.18487085489e-05	3.15179021684e-05	6.18069891343e-06	0.0	5.20349377439e-05	0.0	3.68310559464e-05	5.85014844752e-05	0.0	7.99575082956e-05	1.29330970888e-05	2.40122942947e-05	2.17500054375e-05	2.65498473384e-05	0.0	9.74003837575e-06	0.0	7.10318080436e-05	2.02251054234e-05	0.0	7.29352043644e-05
k__Bacteria;p__FBP;c__	0.000258520401568	0.000194180143693	4.48484123662e-05	0.000167371797852	0.000118006575262	3.01105055554e-05	5.10378919892e-05	4.14886113762e-05	0.00017742987606	0.000108806642227	3.93973777105e-05	0.000191601666316	0.0	2.23006876045e-05	4.48428482383e-05	0.000122770186488	9.2627350419e-05	4.25308703234e-05	2.85562529627e-05	3.87992912663e-05	2.40122942947e-05	7.06875176719e-05	0.000139386698526	9.84480370165e-05	4.87001918788e-05	6.10745633169e-05	2.84127232175e-05	4.04502108467e-05	0.000764896356544	0.00020421857222
k__Bacteria;p__FCPU426;c__	0.000430867335947	0.0	4.98315692958e-06	0.000251057696778	3.09700514263e-05	0.000225828791665	1.45822548541e-05	3.31908891009e-05	0.000224396607958	5.02184502586e-05	2.36384266263e-05	1.23613978269e-05	0.0	7.43356253484e-05	7.17485571814e-05	7.36621118927e-05	7.3126855594e-05	0.000730113273885	3.99787541478e-05	1.29330970888e-05	8.00409809823e-06	5.43750135938e-05	7.30120801805e-05	0.000302376113693	0.000107140422133	5.23496257002e-05	4.26190848262e-05	0.0	7.64896356544e-05	5.83481634916e-05
k__Bacteria;p__Fibrobacteres;Other	0.0	0.0	0.0	0.0	0.0	0.0	7.29112742703e-06	0.0	0.0	0.0	0.0	0.0	0.0	0.0	0.0	0.0	0.0	0.0	0.0	0.0	0.0	0.0	0.0	0.0	0.0	0.0	0.0	0.0	0.0	0.0
k__Bacteria;p__Fibrobacteres;c__Fibrobacteria	0.000107716833987	2.77400205276e-05	6.47810400845e-05	0.000195267097494	0.000124948138513	0.000346270813887	0.000291645097081	0.000273824835083	0.000130463144162	5.85881919684e-05	0.000133951084216	0.000105071881528	0.0	0.000609552127857	0.00071300128699	0.000294648447571	7.3126855594e-05	0.000552901314204	0.000194182520146	0.00010346477671	0.000192098354357	0.000277312569328	5.97371565114e-05	7.03200264403e-05	7.7920307006e-05	0.000410072067985	8.52381696524e-05	0.000101125527117	0.000203972361745	0.000116696326983
k__Bacteria;p__Fibrobacteres;c__SBZC_2415	0.0	0.0	0.0	0.0	0.0	0.0	0.0	0.0	0.0	0.0	0.0	0.0	0.0	0.0	0.0	0.0	9.75024741253e-06	0.0	0.0	0.0	0.0	0.0	0.0	0.0	0.0	0.0	0.0	0.0	0.0	0.0
k__Bacteria;p__Fibrobacteres;c__TG3	0.0	0.0	9.96631385916e-06	0.0	7.20854645267e-05	3.01105055554e-05	0.0	0.0	0.0	1.67394834195e-05	7.87947554211e-06	0.0	0.0	0.0	4.48428482383e-06	0.0	1.46253711188e-05	0.0	1.14225011851e-05	0.0	3.20163923929e-05	1.08750027188e-05	1.32749236692e-05	7.03200264403e-06	0.0	0.0	1.42063616087e-05	4.04502108467e-05	0.0	0.0
k__Bacteria;p__Firmicutes;Other	0.0	0.0	0.0	0.0	0.0	0.0	0.0	0.0	0.0	0.0	0.0	0.0	0.0	0.0	0.0	0.0	0.0	0.0	5.71125059254e-06	0.0	0.0	0.0	0.0	0.0	0.0	0.0	0.0	0.0	0.0	0.0
k__Bacteria;p__Firmicutes;c__Bacilli	0.0191089663493	0.00962578712308	0.0124379596962	0.0121716490771	0.00375858951706	0.00260455873054	0.00397366444773	0.00311164585321	0.0125035877365	0.0143457372905	0.0065872415532	0.00501872751771	0.00260078023407	0.00119680356811	0.00339011932682	0.00923231802389	0.0111445327925	0.0159916072416	0.0165512042172	0.00660881261236	0.011894089774	0.0101953150488	0.012279304394	0.00945804355622	0.00657452590363	0.00697122515574	0.0113792956486	0.0212262481418	0.00973968027332	0.00749773900866
k__Bacteria;p__Firmicutes;c__Clostridia	0.00299452798483	0.00123443091348	0.00139030078335	0.00116230415175	0.00192281302045	0.000436602330553	0.000481214410184	0.000448077002863	0.00164383561644	0.0017157970505	0.00141830559758	0.000698418977218	0.0	0.000438580189556	0.000789234128995	0.00108037764109	0.00180379577132	0.00145313806938	0.00216456397457	0.000763052728237	0.00268137286291	0.0025828131457	0.00459312358954	0.00101964038338	0.00116880460509	0.000462421693685	0.00282706596014	0.00439896042958	0.000433441268708	0.00065641683928
k__Bacteria;p__Firmicutes;c__Erysipelotrichi	0.0	0.0	0.0	0.0	5.33966403902e-07	0.0	7.29112742703e-06	3.31908891009e-05	0.0	0.0	0.0	0.0	0.0	0.0	1.34528544715e-05	0.0	9.75024741253e-06	0.0	1.71337517776e-05	0.0	8.00409809823e-06	1.08750027188e-05	0.0	0.0	0.0	8.7249376167e-06	0.0	1.01125527117e-05	0.0	0.0
k__Bacteria;p__Fusobacteria;c__Fusobacteriia	0.0	0.0	0.0	0.0	0.0	0.0	0.0	0.0	0.0	2.51092251293e-05	0.0	0.0	0.0	0.0	0.0	0.0	0.0	2.12654351617e-05	0.0	0.0	1.60081961965e-05	4.3500010875e-05	6.63746183459e-06	7.03200264403e-06	0.0	0.0	0.0	1.01125527117e-05	0.0	0.0
k__Bacteria;p__GAL15;c__	0.0	0.0	4.98315692958e-06	0.0	0.0	0.0	0.0	5.80840559266e-05	0.0	0.0	2.36384266263e-05	0.0	0.0	2.23006876045e-05	4.48428482383e-06	0.0	3.41258659438e-05	7.08847838723e-06	4.56900047403e-05	0.0	0.0	1.08750027188e-05	6.63746183459e-06	0.0	0.0	0.0	1.42063616087e-05	5.05627635584e-05	0.0	0.0
k__Bacteria;p__GN02;c__	0.0	0.0	0.0	0.0	0.0	0.0	0.0	0.0	0.0	0.0	0.0	0.0	0.0	0.0	0.0	0.0	0.0	0.0	0.0	0.0	0.0	5.43750135938e-06	0.0	0.0	0.0	0.0	0.0	0.0	0.0	0.0
k__Bacteria;p__GN02;c__3BR-5F	0.0	0.0	0.0	1.8596866428e-05	3.20379842341e-06	7.52762638885e-05	2.91645097081e-05	0.0	0.0	0.0	0.0	1.23613978269e-05	0.0	0.0	4.48428482383e-06	0.0	4.87512370626e-06	0.0	5.71125059254e-06	0.0	0.0	0.0	1.99123855038e-05	0.0	0.0	8.7249376167e-06	0.0	0.0	0.0	0.0
k__Bacteria;p__GN02;c__BB34	0.0	0.0	0.0	9.298433214e-06	0.0	1.50552527777e-05	0.0	0.0	0.0	0.0	0.0	0.0	0.0	0.0	8.96856964767e-06	0.0	0.0	0.0	0.0	0.0	0.0	0.0	0.0	0.0	0.0	0.0	0.0	0.0	0.0	0.0
k__Bacteria;p__GN02;c__BD1-5	0.0	0.0	0.0	0.0	3.73776482731e-06	0.0	1.45822548541e-05	0.0	0.0	0.0	0.0	0.0	0.0	0.0	0.0	0.0	0.0	0.0	0.0	0.0	0.0	0.0	0.0	0.0	0.0	0.0	0.0	0.0	0.0	0.0
k__Bacteria;p__GN02;c__GKS2-174	0.000107716833987	6.9350051319e-05	3.98652554366e-05	0.000102282765354	1.28151936936e-05	0.000120442022222	0.000109366911406	0.000199145334606	4.17482061318e-05	0.000125546125647	0.000141830559758	3.70841934806e-05	0.0	7.43356253484e-05	7.62328420052e-05	2.45540372976e-05	0.000146253711188	8.50617406468e-05	0.000217027522517	5.1732388355e-05	5.60286866876e-05	7.61250190313e-05	0.000219036240542	0.00010548003966	6.81802686303e-05	7.85244385503e-05	0.000127857254479	0.00012135063254	0.000127482726091	0.000116696326983
k__Bacteria;p__GN02;c__GN07	0.0	0.0	0.0	1.8596866428e-05	1.44170929053e-05	0.0	1.45822548541e-05	0.0	0.0	0.0	0.0	6.18069891343e-06	0.0	2.97342501394e-05	0.0	0.0	4.38761133564e-05	0.0	0.0	0.0	8.00409809823e-06	0.0	1.32749236692e-05	0.0	9.74003837575e-06	8.7249376167e-06	4.26190848262e-05	0.0	0.0	1.45870408729e-05
k__Bacteria;p__GN04;c__	0.0	0.0	0.0	0.0	0.0	0.0	0.0	0.0	0.0	0.0	1.57589510842e-05	0.0	0.0	4.46013752091e-05	0.0	0.0	0.0	0.0	4.56900047403e-05	0.0	0.0	0.0	6.63746183459e-06	0.0	0.0	0.0	1.42063616087e-05	0.0	0.0	0.0
k__Bacteria;p__GN04;c__GN15	0.0	0.0	0.0	0.0	0.0	0.0	0.0	0.0	0.0	0.0	0.0	0.0	0.0	0.0	0.0	0.0	0.0	0.0	0.0	0.0	0.0	0.0	1.32749236692e-05	7.03200264403e-06	0.0	0.0	0.0	0.0	0.0	0.0
k__Bacteria;p__GN04;c__MSB-5A5	0.0	2.77400205276e-05	0.0	0.0	0.0	0.0	0.0	0.0	0.0	0.0	0.0	0.0	0.0	0.0	0.0	0.0	0.0	0.0	0.0	0.0	0.0	0.0	0.0	0.0	0.0	0.0	0.0	0.0	0.0	0.0
k__Bacteria;p__GOUTA4;c__	0.0	0.0	0.0	0.0	0.0	0.0	0.0	0.0	0.0	0.0	0.0	0.0	0.0	0.0	0.0	0.0	0.0	0.0	0.0	0.0	0.0	5.43750135938e-06	0.000106199389354	0.0	0.0	0.0	0.0	0.0	0.0	0.0
k__Bacteria;p__Gemmatimonadetes;Other	0.0	0.0	0.0	0.0	5.33966403902e-07	0.0	0.0	0.0	0.0	0.0	0.0	0.0	0.0	0.0	0.0	0.0	0.0	0.0	0.0	0.0	0.0	0.0	0.0	0.0	0.0	0.0	0.0	0.0	0.0	0.0
k__Bacteria;p__Gemmatimonadetes;c__	0.0	0.00104025076979	0.000219258904901	2.7895299642e-05	6.08721700448e-05	0.00311643732498	0.000568707939309	0.00152678089864	0.000120026092629	0.00118850332279	0.0017019667171	0.000259589354364	0.0	0.00140494331909	0.000901341249591	0.000122770186488	0.000960399370134	0.0	0.00221596522991	0.00106051396128	0.000128065569572	0.000250125062531	0.00100889419886	9.84480370165e-05	0.0	0.000191948627567	0.00154849341535	0.00237644988725	0.0	0.000189631531348
k__Bacteria;p__Gemmatimonadetes;c__Gemm-1	0.0275539661338	0.0182390634969	0.0316031812474	0.0155469803338	0.00420979112836	0.0129625726416	0.00904099800952	0.0105795959009	0.0199817351598	0.0139774686553	0.0212430660615	0.016137804863	0.0156046814044	0.0219364430403	0.0130672059767	0.00844658883037	0.00984774988665	0.00340246962587	0.0209260221711	0.0100102171467	0.00773996286098	0.0257574439394	0.042094782955	0.0189582791283	0.0247104773593	0.0147713193851	0.0251026409626	0.0618888225955	0.0049208332271	0.0163812469003
k__Bacteria;p__Gemmatimonadetes;c__Gemm-2	0.00112025507346	0.00105412078005	0.00284039944986	0.000855455855688	0.000599110305178	0.00112914395833	0.000772859507266	0.000688710948845	0.000657534246575	0.00114665461424	0.00100069339385	0.00116815209464	0.0	0.00153874744471	0.000681611293223	0.00108037764109	0.000468011875801	0.000177211959681	0.00153632640939	0.0011510456409	0.000400204904911	0.000831937707984	0.00300677021107	0.0010548003966	0.000331161304776	0.000593295757935	0.000880794419741	0.00423715958619	0.000458937813926	0.00220264317181
k__Bacteria;p__Gemmatimonadetes;c__Gemm-3	0.000236977034771	0.000263530195012	0.000134545237099	0.000260356129992	0.00068561286261	0.000286049802776	0.00046663215533	0.000240633945982	0.000114807566862	0.000267831734713	0.000370335350479	0.000370841934806	0.00130039011704	6.69020628136e-05	0.000112107120596	0.000441972671356	0.000394885020207	0.0	5.14012553329e-05	0.000284528135953	0.000144073765768	0.000108750027188	0.000205761316872	0.000267216100473	0.000155840614012	0.000279198003734	0.000127857254479	8.09004216934e-05	0.000764896356544	0.000583481634916
k__Bacteria;p__Gemmatimonadetes;c__Gemm-5	0.00133568874144	0.00198341146772	0.00106639558293	0.000641591891766	0.000789202344967	0.00108397819999	0.000459341027903	0.000663817782019	0.000584474885845	0.00120524280621	0.000890380736258	0.00063043128917	0.0	0.000423713064486	0.000224214241192	0.00128908695812	0.0010140257309	0.000106327175808	0.000833842586511	0.000982915378746	0.000712364730742	0.000657937664484	0.00183193946635	0.00127279247857	0.000136360537261	0.000253023190884	0.00116492165192	0.00181014693539	0.000764896356544	0.00240686174403
k__Bacteria;p__Gemmatimonadetes;c__Gemmatimonadetes	0.0372915679262	0.0123720491553	0.0114014630549	0.0207726998001	0.00416226811841	0.0103580139111	0.00678074850714	0.00615690992822	0.00875146771037	0.00960846348282	0.00984146495209	0.0116877016453	0.0156046814044	0.00825868797621	0.00816139837938	0.00766085963685	0.00782457354855	0.00928590668727	0.0073503795126	0.00704853791337	0.00447429083691	0.00983643995911	0.015047125979	0.0188035750701	0.0228598700679	0.00838466504964	0.00698952991149	0.019992516711	0.014380051503	0.0115383493305
k__Bacteria;p__Kazan-3B-28;c__	0.0	0.0	0.0	0.0	0.0	0.0	0.0	0.0	0.0	0.0	0.0	0.0	0.0	0.0	0.0	0.0	0.0	0.0	0.0	0.0	0.0	0.0	0.0	0.0	9.74003837575e-06	0.0	0.0	0.0	0.0	0.0
k__Bacteria;p__Lentisphaerae;c__[Lentisphaeria]	0.0	0.0	0.0	0.0	1.0679328078e-06	0.0	0.0	0.0	0.0	0.0	0.0	6.18069891343e-06	0.0	1.48671250697e-05	0.0	0.0	0.0	0.0	0.0	0.0	0.0	0.0	0.0	0.0	0.0	0.0	0.0	0.0	0.0	0.0
k__Bacteria;p__MVP-21;c__	2.15433667974e-05	0.0	1.99326277183e-05	2.7895299642e-05	2.50964209834e-05	0.0	2.91645097081e-05	0.0	1.04370515329e-05	3.34789668391e-05	3.93973777105e-05	1.85420967403e-05	0.0	0.0	5.3811417886e-05	0.0	2.43756185313e-05	0.0	1.14225011851e-05	0.0	8.00409809823e-06	1.08750027188e-05	4.64622328422e-05	3.51600132202e-05	1.94800767515e-05	4.36246880835e-05	5.68254464349e-05	5.05627635584e-05	0.0	2.91740817458e-05
k__Bacteria;p__NC10;c__12-24	0.0	0.0	4.98315692958e-06	0.0	0.0	0.0	0.0	0.0	0.0	0.0	3.15179021684e-05	0.0	0.0	0.0	0.0	0.0	0.0	0.0	7.4246257703e-05	0.0	0.0	0.0	6.63746183459e-06	0.0	0.0	0.0	0.0	0.0	0.0	0.0
k__Bacteria;p__NKB19;c__	6.46301003921e-05	4.16100307914e-05	0.0	0.0	3.41738498497e-05	0.0	0.0	0.0	5.21852576647e-06	2.51092251293e-05	3.15179021684e-05	1.23613978269e-05	0.0	0.0	4.48428482383e-06	1.22770186488e-05	3.41258659438e-05	7.08847838723e-06	3.42675035553e-05	1.29330970888e-05	2.40122942947e-05	0.0	0.000106199389354	0.0	2.92201151273e-05	0.0	7.10318080436e-05	7.07878689818e-05	0.0	2.91740817458e-05
k__Bacteria;p__NKB19;c__TSBW08	0.0	6.9350051319e-05	9.96631385916e-06	1.8596866428e-05	0.000130287802552	1.50552527777e-05	2.18733822811e-05	1.65954445505e-05	1.56555772994e-05	1.67394834195e-05	1.57589510842e-05	3.70841934806e-05	0.0	7.43356253484e-06	1.34528544715e-05	0.0	3.41258659438e-05	7.08847838723e-06	0.0	7.75985825326e-05	1.60081961965e-05	2.71875067969e-05	4.64622328422e-05	6.32880237963e-05	1.94800767515e-05	0.0	0.0	2.02251054234e-05	0.000382448178272	8.75222452373e-05
k__Bacteria;p__Nitrospirae;c__Nitrospira	0.0101469257616	0.0126910593914	0.019035659471	0.0086289460226	0.00757164360733	0.0256240402276	0.00855249247191	0.0253163506617	0.00826614481409	0.0135003933779	0.021613401412	0.014710063414	0.0182054616385	0.02079167441	0.0174438679647	0.00832381864388	0.0183694661252	0.00300551483619	0.0300297556156	0.0175890120407	0.011325798809	0.0210975052744	0.0140647816275	0.00756643484498	0.0147366780625	0.0173102762315	0.025997641744	0.0336343503191	0.00198873052701	0.0093065320769
k__Bacteria;p__OD1;c__	4.30867335947e-05	0.000277400205276	6.97641970141e-05	1.8596866428e-05	1.22812272897e-05	1.50552527777e-05	3.64556371352e-05	1.65954445505e-05	7.30593607306e-05	3.34789668391e-05	7.87947554211e-05	4.3264892394e-05	0.0	4.46013752091e-05	2.6905708943e-05	0.0	5.85014844752e-05	7.79732622595e-05	5.14012553329e-05	1.29330970888e-05	4.80245885894e-05	2.71875067969e-05	9.95619275189e-05	0.0	6.81802686303e-05	8.7249376167e-05	4.26190848262e-05	7.07878689818e-05	2.54965452181e-05	7.29352043644e-05
k__Bacteria;p__OD1;c__ABY1	0.000129260200784	2.77400205276e-05	9.96631385916e-06	2.7895299642e-05	2.61643537912e-05	0.0	1.45822548541e-05	1.65954445505e-05	2.08741030659e-05	1.67394834195e-05	7.87947554211e-06	1.85420967403e-05	0.0	0.0	1.34528544715e-05	0.0	4.87512370626e-06	1.41769567745e-05	3.99787541478e-05	0.0	8.00409809823e-06	3.80625095156e-05	0.0	2.81280105761e-05	0.0	8.7249376167e-06	7.10318080436e-05	0.0	0.0	1.45870408729e-05
k__Bacteria;p__OD1;c__Mb-NB09	0.000107716833987	2.77400205276e-05	0.0	0.0	1.60189921171e-06	9.03315166662e-05	7.29112742703e-06	0.0	1.04370515329e-05	0.0	0.0	0.0	0.0	1.48671250697e-05	1.79371392953e-05	0.0	9.75024741253e-06	2.12654351617e-05	1.14225011851e-05	0.0	2.40122942947e-05	1.63125040781e-05	6.63746183459e-06	0.0	2.92201151273e-05	3.48997504668e-05	0.0	0.0	0.0	0.0
k__Bacteria;p__OD1;c__SM2F11	0.000236977034771	5.54800410552e-05	9.96631385916e-05	0.000111581198568	5.33966403902e-06	3.01105055554e-05	5.10378919892e-05	8.29772227524e-05	4.69667318982e-05	7.53276753879e-05	7.0915279879e-05	0.000191601666316	0.0	3.71678126742e-05	7.17485571814e-05	4.91080745952e-05	0.000131628340069	0.000155946524519	0.000114225011851	1.29330970888e-05	5.60286866876e-05	8.15625203906e-05	0.000126111774857	0.000182832068745	0.000194800767515	9.59743137837e-05	5.68254464349e-05	0.000151688290675	0.000280461997399	0.000160457449602
k__Bacteria;p__OD1;c__ZB2	0.000150803567582	5.54800410552e-05	3.98652554366e-05	0.000111581198568	4.64550771395e-05	1.50552527777e-05	2.91645097081e-05	5.80840559266e-05	6.26223091977e-05	0.000117176383937	2.36384266263e-05	3.70841934806e-05	0.0	0.000104069875488	4.48428482383e-05	1.22770186488e-05	3.90009896501e-05	0.000113415654196	2.28450023702e-05	3.87992912663e-05	8.80450790805e-05	0.000108750027188	0.000172574007699	0.000344568129558	5.84402302545e-05	5.23496257002e-05	4.26190848262e-05	4.04502108467e-05	7.64896356544e-05	7.29352043644e-05
k__Bacteria;p__OP11;c__	0.0	5.54800410552e-05	9.96631385916e-06	1.8596866428e-05	1.60189921171e-06	0.0	7.29112742703e-06	8.29772227524e-06	7.30593607306e-05	1.67394834195e-05	0.0	2.47227956537e-05	0.0	7.43356253484e-06	1.79371392953e-05	0.0	0.0	2.83539135489e-05	0.0	1.29330970888e-05	0.0	1.63125040781e-05	3.3187309173e-05	2.81280105761e-05	1.94800767515e-05	0.0	1.42063616087e-05	1.01125527117e-05	2.54965452181e-05	2.91740817458e-05
k__Bacteria;p__OP11;c__OP11-1	0.0	0.0	0.0	0.0	0.0	0.0	0.0	0.0	0.0	0.0	0.0	1.23613978269e-05	0.0	0.0	0.0	0.0	0.0	0.0	0.0	0.0	0.0	0.0	0.0	0.0	0.0	0.0	0.0	0.0	0.0	0.0
k__Bacteria;p__OP11;c__OP11-2	0.0	0.0	0.0	0.0	0.0	0.0	0.0	0.0	0.0	8.36974170977e-06	0.0	0.0	0.0	0.0	0.0	0.0	0.0	0.0	0.0	0.0	0.0	0.0	0.0	0.0	0.0	0.0	0.0	0.0	0.0	0.0
k__Bacteria;p__OP11;c__OP11-3	2.15433667974e-05	0.0	9.96631385916e-06	0.0	1.12132944819e-05	3.01105055554e-05	1.45822548541e-05	8.29772227524e-06	5.21852576647e-06	2.51092251293e-05	0.0	6.18069891343e-06	0.0	0.0	4.48428482383e-06	0.0	9.75024741253e-06	0.0	0.0	0.0	0.0	0.0	5.30996946768e-05	1.40640052881e-05	0.0	0.0	0.0	0.0	0.0	0.0
k__Bacteria;p__OP11;c__OP11-4	0.0	0.0	0.0	0.0	5.33966403902e-07	0.0	0.0	0.0	0.0	1.67394834195e-05	0.0	6.18069891343e-06	0.0	7.43356253484e-06	0.0	0.0	0.0	0.0	0.0	1.29330970888e-05	0.0	0.0	0.0	2.81280105761e-05	0.0	0.0	0.0	0.0	2.54965452181e-05	0.0
k__Bacteria;p__OP11;c__WCHB1-64	0.0	0.0	0.0	0.0	4.80569763512e-06	0.0	0.0	0.0	0.0	0.0	0.0	0.0	0.0	0.0	0.0	0.0	0.0	0.0	0.0	0.0	0.0	0.0	0.0	0.0	0.0	0.0	0.0	0.0	0.0	0.0
k__Bacteria;p__OP3;c__PBS-25	0.000344693868758	0.000152570112902	0.000109629452451	0.000102282765354	4.9124909159e-05	4.51657583331e-05	0.000167695930822	8.29772227524e-05	2.08741030659e-05	0.000175764575905	0.000204866364095	0.000203963064143	0.0	0.000163538375767	0.000134528544715	0.000110493167839	6.82517318877e-05	0.000290627613876	0.000422632543848	9.05316796213e-05	0.00022411474675	0.000130500032625	0.000564184255941	9.14160343724e-05	0.000243500959394	0.000209398502801	0.000383571763436	0.00142586993235	0.000152979271309	0.00020421857222
k__Bacteria;p__OP3;c__koll11	0.00040932396915	0.000235790174485	0.000259124160338	0.000102282765354	9.2376187875e-05	0.000105386769444	0.000160404803395	4.97863336514e-05	3.65296803653e-05	0.000334789668391	0.000212745839637	0.000278131451104	0.00130039011704	0.000126370563092	0.000130044259891	0.000245540372976	9.75024741253e-05	4.25308703234e-05	0.000708195073475	0.000142264067976	0.000112057373375	0.000135937533984	0.000471259790256	6.32880237963e-05	0.000340901343151	0.000191948627567	0.000369365401827	0.00133485695794	0.0	0.000291740817458
k__Bacteria;p__OP8;c__OP8_1	0.0	0.0	9.96631385916e-06	0.0	0.0	0.0	0.0	0.0	0.0	0.0	0.0	0.0	0.0	0.0	0.0	0.0	0.0	0.0	0.0	0.0	0.0	0.0	0.0	0.0	0.0	0.0	0.0	0.0	0.0	0.0
k__Bacteria;p__PAUC34f;c__	0.0	0.0	0.0	0.0	0.0	0.0	0.0	0.0	0.0	0.0	0.0	0.0	0.0	0.0	0.0	0.0	0.0	0.0	3.42675035553e-05	0.0	0.0	0.0	0.0	0.0	0.0	1.74498752334e-05	0.0	0.0	0.0	0.0
k__Bacteria;p__Planctomycetes;Other	0.0	0.0	0.0	0.0	0.0	0.0	0.0	0.0	0.0	0.0	0.0	0.0	0.0	0.0	0.0	0.0	0.0	0.0	1.14225011851e-05	0.0	0.0	0.0	0.0	0.0	0.0	0.0	0.0	0.0	0.0	0.0
k__Bacteria;p__Planctomycetes;c__	0.000258520401568	0.000887680656884	0.000677709342423	0.000213863963922	0.00155437620176	0.0027701665111	0.00172070607278	0.00205783512426	0.000250489236791	0.00135589815698	0.00154437720625	0.000679876880478	0.00130039011704	0.0032633339528	0.00153810969458	0.000368310559464	0.00141378587482	0.000163035002906	0.00132501013747	0.00177183430116	0.000824422104117	0.000396937599234	0.000497809637595	0.000984480370165	0.000438301726909	0.00089866857452	0.00136381071444	0.000869679533205	7.64896356544e-05	0.000510546430551
k__Bacteria;p__Planctomycetes;c__028H05-P-BN-P5	6.46301003921e-05	0.000277400205276	0.000179393649465	0.00013947649821	0.000124414172109	0.000240884044443	0.000481214410184	0.000937642617102	0.000130463144162	0.000485445019167	0.0005988401412	0.000117433279355	0.0	0.000453447314626	0.000448428482383	0.000356033540815	0.000472886999508	1.41769567745e-05	0.00069677257229	0.000400926009752	0.000304155727733	0.000179437544859	0.000112836851188	6.32880237963e-05	9.74003837575e-06	0.000296647878968	0.000369365401827	0.000313489134062	7.64896356544e-05	0.000277153776585
k__Bacteria;p__Planctomycetes;c__BD7-11	0.000258520401568	8.32200615828e-05	0.000144511550958	0.000213863963922	0.000236013150525	0.000286049802776	0.000233316077665	0.000315313446459	6.26223091977e-05	0.000133915867356	0.00040973272819	0.000129794677182	0.0	0.000535216502509	0.000529145609213	0.000257817391625	0.000375384525382	0.000489105008719	0.000388365040293	0.000530256980639	0.000304155727733	0.000179437544859	0.000252223549715	0.000232056087253	0.000204540805891	0.000200673565184	0.000326746317001	0.000232588712369	0.000101986180872	0.000291740817458
k__Bacteria;p__Planctomycetes;c__C6	0.000560127536731	0.000429970318178	0.00266100580039	0.00113440885211	0.000513675680554	0.00126464123333	0.000685365978141	0.000896154005725	0.000704500978474	0.000711428045331	0.00237172213817	0.000729322471785	0.0	0.00393978814347	0.00179371392953	0.00137502608866	0.000433886009858	0.000170123481294	0.00146208015169	0.000633721757349	0.000448229493501	0.000494812623703	0.00121465551573	9.84480370165e-05	0.000418821650157	0.000410072067985	0.000724524442045	0.00113260590371	0.0	0.000568894594043
k__Bacteria;p__Planctomycetes;c__ODP123	0.0	0.0	0.0	0.0	0.0	0.0	0.0	0.0	0.0	0.0	0.0	0.0	0.0	0.0	0.0	0.0	0.0	0.0	0.0	0.0	0.0	0.0	7.30120801805e-05	0.0	0.0	0.0	0.0	0.0	0.0	0.0
k__Bacteria;p__Planctomycetes;c__OM190	0.00303761471843	0.00319010236068	0.0100161454285	0.00264075503278	0.00925684157804	0.00891270964439	0.00641619213579	0.00875409700037	0.0016960208741	0.00420998008001	0.00990450075643	0.00419051386331	0.00390117035111	0.0207842408474	0.0083900969054	0.00578247578358	0.00590377480829	0.00138225328551	0.00860114339237	0.00810905187465	0.0151997822885	0.00414337603584	0.00350457984867	0.00285499307348	0.00300967185811	0.00311480272916	0.00669119631771	0.00468211190551	0.000611917085235	0.0072643463547
k__Bacteria;p__Planctomycetes;c__Phycisphaerae	0.0113318109354	0.00621376459819	0.00588510833383	0.0105630201311	0.00775212425185	0.0130830146638	0.0094128455083	0.0129610421939	0.0112720156556	0.00675438155979	0.0107791225416	0.00789275251245	0.0104031209363	0.0112841479279	0.00900892821108	0.00729254907738	0.0117636735032	0.0167146320371	0.012067872502	0.0052896367093	0.00732374975988	0.00579093894773	0.00652462498341	0.00827666711203	0.0135191732655	0.00677927652817	0.00971715134037	0.00730126305783	0.00232018561485	0.00811039472533
k__Bacteria;p__Planctomycetes;c__Pla3	0.0	0.000124830092374	0.000423568339014	0.0	0.000385523743617	0.00146035951944	0.000335391861644	0.000331908891009	8.871493803e-05	0.000426856827198	0.0011976802824	0.000160698171749	0.0	0.00154618100725	0.000650221299456	8.59391305415e-05	0.000619140710696	1.41769567745e-05	0.00203891646154	0.000362126718485	0.000312159825831	0.000636187659047	0.00049117217576	2.10960079321e-05	9.74003837575e-06	0.000209398502801	0.000966032589394	0.000566302951854	0.0	0.000218805613093
k__Bacteria;p__Planctomycetes;c__Pla4	0.000301607135163	0.000180310133429	0.000697641970141	0.000120879631782	0.00037911614677	0.000255939297221	0.000167695930822	0.000165954445505	6.78408349641e-05	0.000234352767874	0.0005988401412	0.000284312150018	0.0	0.000557517190113	0.000291478513549	0.0005033577646	0.000107252721538	0.000141769567745	0.000656793818142	0.000116397873799	0.000600307357367	0.000478500119625	0.000272135935218	9.84480370165e-05	9.74003837575e-05	8.7249376167e-05	0.000383571763436	0.000717991242529	0.0	0.000218805613093
k__Bacteria;p__Planctomycetes;c__Planctomycetia	0.02636908096	0.0411800604732	0.0325200821224	0.0340136686968	0.0299934268736	0.0351841257415	0.0419968939797	0.0315147492013	0.029787345075	0.0425433971108	0.0475841527988	0.0380916474035	0.0325097529259	0.0388849656198	0.0382195595535	0.0468245491265	0.0440418675624	0.0598338460666	0.0468036986059	0.0383983652565	0.0512662483191	0.0383887595972	0.0417562724014	0.0352725252625	0.037197206557	0.035554120788	0.0328166953162	0.038124323723	0.0395706381785	0.0339148700295
k__Bacteria;p__Planctomycetes;c__vadinHA49	0.000560127536731	0.000360620266859	0.000189359963324	0.000576502859268	0.000281400294856	0.00019571828611	0.000721821615276	0.000157656723229	0.000386170906719	0.00037663837694	0.000220625315179	0.000247227956537	0.0	0.000208139750976	0.00103138550948	0.000319202484869	0.000238881061607	0.000900236755178	3.99787541478e-05	0.000271595038864	0.000160081961965	0.000913500228375	0.000199123855038	0.000281280105761	0.000428561688533	0.000340272567051	0.000127857254479	1.01125527117e-05	0.000101986180872	0.000320914899204
k__Bacteria;p__Proteobacteria;Other	0.0	1.38700102638e-05	0.0	5.5790599284e-05	2.66983201951e-05	1.50552527777e-05	7.29112742703e-06	3.31908891009e-05	1.04370515329e-05	2.51092251293e-05	0.0	1.23613978269e-05	0.0	7.43356253484e-06	4.48428482383e-06	2.45540372976e-05	4.87512370626e-06	7.08847838723e-06	0.0	0.0	0.0	0.0	0.0	2.81280105761e-05	9.74003837575e-06	1.74498752334e-05	0.0	1.01125527117e-05	0.0	0.0
k__Bacteria;p__Proteobacteria;c__	4.30867335947e-05	0.000152570112902	9.4679981662e-05	0.000102282765354	7.79590949697e-05	0.0	0.000204151567957	9.95726673028e-05	0.000198303979126	0.000150655350776	0.000283661119516	6.79876880478e-05	0.0	0.00026017468872	0.000156949968834	0.000184155279732	0.000107252721538	2.83539135489e-05	0.000588258811032	5.1732388355e-05	0.000152077863866	0.000239250059813	8.62870038497e-05	2.81280105761e-05	3.8960153503e-05	0.000218123440417	0.000284127232175	0.00109215569286	2.54965452181e-05	0.00010210928611
k__Bacteria;p__Proteobacteria;c__Alphaproteobacteria	0.110280494636	0.0934699991678	0.0889692838207	0.137979450463	0.0880948452485	0.0948029267411	0.0868810744205	0.097647595735	0.104464448793	0.108856860677	0.089723587998	0.129071535409	0.106631989597	0.0804460137521	0.0941654970157	0.0743373479184	0.10519054421	0.0782993322653	0.0830415836156	0.103813970331	0.0808013703016	0.0906648976662	0.0682530200451	0.166637366656	0.115565555328	0.109471792277	0.10146183461	0.0802633308726	0.154534560567	0.115339732182
k__Bacteria;p__Proteobacteria;c__Betaproteobacteria	0.0753156103236	0.0475186551638	0.073945065678	0.0682040076247	0.103498174102	0.0646924211858	0.0424562350076	0.0364021076215	0.0667188519243	0.0374462244095	0.0427461548159	0.0720484072339	0.0884265279584	0.0576026760825	0.0526634409711	0.0676586497735	0.0470595691366	0.0488183506528	0.0464039110644	0.0640576298806	0.041965486329	0.044060073515	0.0707752555423	0.0679432095466	0.0822838441983	0.0421850733767	0.0437555937549	0.062080961097	0.130032380612	0.0771508591767
k__Bacteria;p__Proteobacteria;c__Deltaproteobacteria	0.0511224094101	0.0668395794613	0.0573760688872	0.0626063508299	0.0724143878315	0.0954954683689	0.0722623639293	0.0673609094304	0.0609680365297	0.0666482532349	0.0806858295512	0.0613619788126	0.0598179453836	0.102248652667	0.0870579055699	0.0639632671602	0.0814681922554	0.0454300579838	0.0914142769842	0.0669546436285	0.0699878337709	0.0832100833025	0.0583432895261	0.0674369053563	0.051349482317	0.0691276807371	0.0840448352772	0.0900118316867	0.0254455521277	0.0614989643201
k__Bacteria;p__Proteobacteria;c__Epsilonproteobacteria	0.0	0.0	9.96631385916e-06	0.0	1.60189921171e-06	0.0	2.18733822811e-05	0.0	0.0	3.34789668391e-05	7.0915279879e-05	0.0	0.0	7.43356253484e-06	2.6905708943e-05	0.0	1.46253711188e-05	0.0	1.14225011851e-05	0.0	4.80245885894e-05	1.63125040781e-05	0.0	0.0	0.0	0.0	1.42063616087e-05	2.02251054234e-05	2.54965452181e-05	0.0
k__Bacteria;p__Proteobacteria;c__Gammaproteobacteria	0.0498728941359	0.0528447391051	0.0568030058403	0.0753638011995	0.0894302952247	0.0496672789136	0.0433967904457	0.0348421358337	0.0530202217873	0.0389527779173	0.0313051563288	0.0862083884446	0.0715214564369	0.0363575543579	0.0395603607159	0.0600591752299	0.0420430668428	0.0270779874392	0.0334850622241	0.0746498363963	0.0427658961388	0.0502968875742	0.0325302004513	0.0897564817484	0.049148233644	0.0444186574066	0.0358284439772	0.0613124070909	0.0771780423753	0.0853925372699
k__Bacteria;p__Proteobacteria;c__TA18	0.000344693868758	0.000124830092374	8.96968247324e-05	0.000409131061416	0.000726194309306	0.000466712836109	0.000546834557028	0.000389992946936	0.000208741030659	0.000133915867356	0.000354576399395	0.000166878870663	0.0	6.69020628136e-05	0.000551567033332	0.000785729193523	0.000385134772795	0.000581255227753	0.000131358763628	0.000426792203929	0.000480245885894	0.000331687582922	0.000165936545865	0.000147672055525	0.000165580652388	0.000436246880835	0.000241508147348	0.00024270126508	0.000203972361745	0.000247979694839
k__Bacteria;p__SBR1093;c__	0.0	4.16100307914e-05	0.0	0.0	0.0	0.0	0.0	0.0	0.0	0.0	0.0	0.0	0.0	0.0	0.0	0.0	0.0	0.0	3.99787541478e-05	0.0	0.0	2.17500054375e-05	0.0	0.0	0.0	0.0	2.84127232175e-05	0.00024270126508	0.0	0.0
k__Bacteria;p__SBR1093;c__VHS-B5-50	0.0	0.0	9.96631385916e-06	0.0	0.0	0.0	0.0	0.0	0.0	0.0	7.87947554211e-06	0.0	0.0	0.0	0.0	0.0	0.0	0.0	1.71337517776e-05	0.0	8.00409809823e-06	0.0	1.32749236692e-05	0.0	0.0	0.0	0.0	0.0	0.0	0.0
k__Bacteria;p__SR1;c__	4.30867335947e-05	0.0	0.0	3.7193732856e-05	1.60189921171e-05	0.0	0.0	0.0	0.0	0.0	0.0	0.0	0.0	0.0	0.0	0.0	0.0	0.0	0.0	1.29330970888e-05	0.0	0.0	1.32749236692e-05	0.0	0.0	0.0	0.0	0.0	2.54965452181e-05	1.45870408729e-05
k__Bacteria;p__Spirochaetes;c__GN05	0.0	0.0	0.0	0.0	0.0	0.0	0.0	0.0	0.0	0.0	0.0	0.0	0.0	7.43356253484e-06	0.0	0.0	0.0	0.0	0.0	0.0	0.0	0.0	0.0	0.0	0.0	0.0	0.0	0.0	0.0	0.0
k__Bacteria;p__Spirochaetes;c__Spirochaetes	0.0	1.38700102638e-05	3.98652554366e-05	0.000102282765354	1.70869249249e-05	0.0	0.0	1.65954445505e-05	7.30593607306e-05	8.36974170977e-06	7.87947554211e-06	0.0	0.0	0.000118937000558	9.86542661244e-05	1.22770186488e-05	4.87512370626e-06	2.12654351617e-05	5.71125059254e-06	0.0	0.0	0.0	1.32749236692e-05	7.03200264403e-06	9.74003837575e-06	0.0	0.0	0.0	0.0	0.0
k__Bacteria;p__Spirochaetes;c__[Leptospirae]	0.0	0.0	0.0	3.7193732856e-05	4.80569763512e-06	0.000165607780555	0.0	2.48931668257e-05	0.0	8.36974170977e-06	0.0	3.09034945672e-05	0.0	9.6636312953e-05	5.3811417886e-05	0.0	0.000102377597832	0.0	3.42675035553e-05	0.0	8.00409809823e-06	5.98125149531e-05	0.0	7.03200264403e-06	9.74003837575e-06	1.74498752334e-05	0.0	0.0	2.54965452181e-05	0.0
k__Bacteria;p__TM6;c__	0.0	0.0	0.0	0.0	0.0	0.0	0.0	8.29772227524e-06	0.0	0.0	0.0	0.0	0.0	0.0	0.0	0.0	0.0	0.0	0.0	0.0	0.0	0.0	0.0	0.0	0.0	0.0	0.0	0.0	0.0	0.0
k__Bacteria;p__TM6;c__F38	0.0	0.0	0.0	9.298433214e-06	0.0	0.0	0.0	0.0	0.0	0.0	0.0	0.0	0.0	0.0	0.0	0.0	0.0	0.0	0.0	0.0	0.0	0.0	0.0	0.0	0.0	0.0	0.0	0.0	0.0	0.0
k__Bacteria;p__TM6;c__SBRH58	6.46301003921e-05	4.16100307914e-05	6.97641970141e-05	0.0	5.55325060058e-05	0.00019571828611	3.64556371352e-05	0.0	8.871493803e-05	2.51092251293e-05	0.000173348461926	5.56262902209e-05	0.0	0.0	4.48428482383e-06	4.91080745952e-05	9.2627350419e-05	0.0	6.2823756518e-05	5.1732388355e-05	8.00409809823e-05	5.43750135938e-05	1.32749236692e-05	7.03200264403e-05	0.00114932452834	6.10745633169e-05	0.000284127232175	2.02251054234e-05	2.54965452181e-05	4.37611226187e-05
k__Bacteria;p__TM6;c__SJA-4	0.00170192597699	0.00122056090322	0.00104646295521	0.00161792737924	0.000833521556491	0.00156574628888	0.00113012475119	0.000464672447413	0.00198303979126	0.000477075277457	0.00136314926878	0.00124850118051	0.0	0.000892027504181	0.000426007058264	0.00108037764109	0.0011700296895	0.00135389937196	0.00151348140702	0.000892383699124	0.000976499967984	0.00095700023925	0.00173901500066	0.0020603767747	0.00130516514235	0.00166646308479	0.00169055703144	0.00090001719134	0.00234568216007	0.000962744697611
k__Bacteria;p__TM7;c__	0.0	0.0	0.0	0.0	5.87363044292e-06	0.0	7.29112742703e-06	0.0	1.04370515329e-05	0.0	0.0	0.0	0.0	0.0	4.48428482383e-06	0.0	0.0	0.0	0.0	0.0	0.0	0.0	0.0	0.0	0.0	0.0	0.0	0.0	0.0	0.0
k__Bacteria;p__TM7;c__MJK10	0.0	0.0	2.49157846479e-05	9.298433214e-06	1.0679328078e-06	3.01105055554e-05	8.74935291244e-05	4.97863336514e-05	3.65296803653e-05	4.18487085489e-05	3.15179021684e-05	2.47227956537e-05	0.0	7.43356253484e-06	1.79371392953e-05	0.0	1.95004948251e-05	0.0	2.85562529627e-05	3.87992912663e-05	2.40122942947e-05	2.71875067969e-05	5.97371565114e-05	0.0	3.8960153503e-05	6.10745633169e-05	0.000170476339305	0.000161800843387	0.0	0.000116696326983
k__Bacteria;p__TM7;c__SC3	0.00040932396915	0.000166440123166	4.48484123662e-05	0.000437026361058	8.54346246243e-05	0.000165607780555	0.000342682989071	0.000323611168734	0.000287018917156	0.000175764575905	0.000157589510842	0.000377022633719	0.00130039011704	0.00023044043858	0.000372195640378	0.000135047205137	0.000234005937901	0.000318981527425	8.56687588881e-05	0.000142264067976	0.000192098354357	0.000108750027188	8.62870038497e-05	0.000358632134846	0.000487001918788	0.000122149126634	0.000156269977696	6.06753162701e-05	2.54965452181e-05	0.000539720512297
k__Bacteria;p__TM7;c__TM7-1	0.0	0.0	0.0	1.8596866428e-05	7.10175317189e-05	0.0	0.0	5.80840559266e-05	2.08741030659e-05	8.36974170977e-06	0.0	1.23613978269e-05	0.0	2.97342501394e-05	4.48428482383e-06	0.0	1.95004948251e-05	0.0	5.71125059254e-06	0.0	0.0	0.0	0.0	2.81280105761e-05	0.0	8.7249376167e-06	0.0	0.0	2.54965452181e-05	1.45870408729e-05
k__Bacteria;p__TM7;c__TM7-3	0.0	0.0	0.0	0.0	2.24265889639e-05	0.0	0.0	0.0	5.21852576647e-06	0.0	0.0	0.0	0.0	0.0	4.48428482383e-06	0.0	0.0	0.0	0.0	0.0	0.0	0.0	0.0	0.0	0.0	0.0	0.0	0.0	0.0	0.0
k__Bacteria;p__Tenericutes;c__Mollicutes	2.15433667974e-05	0.000499320369497	0.000323905200423	3.7193732856e-05	0.000408484298985	0.00039143657222	0.00145093435798	9.95726673028e-05	6.78408349641e-05	4.18487085489e-05	0.000118192133132	0.00019778236523	0.0	0.000520349377439	0.000300447083197	0.000159601242434	3.41258659438e-05	0.00121212980422	0.000376942539108	0.00219862650509	0.000368188512518	5.43750135938e-05	4.64622328422e-05	0.000239088089897	0.000155840614012	0.000157048877101	0.000184682700913	0.00018202594881	2.54965452181e-05	2.91740817458e-05
k__Bacteria;p__Tenericutes;c__RF3	0.0	0.0	0.0	0.0	1.0679328078e-05	0.0	0.0	0.0	0.0	0.0	0.0	0.0	0.0	0.0	0.0	1.22770186488e-05	0.0	0.0	0.0	0.0	8.00409809823e-06	5.43750135938e-06	6.63746183459e-06	0.0	0.0	0.0	1.42063616087e-05	1.01125527117e-05	0.0	0.0
k__Bacteria;p__Verrucomicrobia;Other	0.0	0.0	0.0	0.0	1.01453616741e-05	0.0	0.0	0.0	0.0	0.0	0.0	0.0	0.0	0.0	4.48428482383e-06	0.0	0.0	0.0	0.0	0.0	0.0	0.0	0.0	0.0	0.0	0.0	2.84127232175e-05	0.0	0.0	0.0
k__Bacteria;p__Verrucomicrobia;c__	0.0	0.0	0.0	0.0	6.40759684682e-06	0.0	0.0	0.0	0.0	0.0	0.0	6.18069891343e-06	0.0	0.0	0.0	0.0	0.0	0.0	0.0	0.0	0.0	0.0	0.0	0.0	0.0	0.0	0.0	0.0	0.0	0.0
k__Bacteria;p__Verrucomicrobia;c__Opitutae	0.00967297169202	0.00699048517296	0.00351810879228	0.00738295597192	0.00965357861614	0.00243895094999	0.00573811728508	0.00193336929013	0.0108649706458	0.00422671956343	0.00397913514876	0.0108471265931	0.00650195058518	0.00289165582605	0.00473540477397	0.0086798521847	0.00255456482208	0.00790365340176	0.00111369386555	0.00503097476753	0.00577895882692	0.00683493920873	0.00448692420019	0.00764378687406	0.0100614596422	0.00431884412026	0.00171896975466	0.00325624197316	0.0135896586013	0.0071038889051
k__Bacteria;p__Verrucomicrobia;c__Verruco-5	6.46301003921e-05	0.0	0.0	9.298433214e-06	5.33966403902e-05	0.0	4.37467645622e-05	8.29772227524e-05	1.04370515329e-05	1.67394834195e-05	4.72768532526e-05	6.18069891343e-06	0.0	6.69020628136e-05	2.6905708943e-05	0.0	5.36263607689e-05	0.0	1.71337517776e-05	2.58661941775e-05	4.00204904911e-05	0.0	1.99123855038e-05	2.10960079321e-05	1.94800767515e-05	2.61748128501e-05	0.0	0.0	2.54965452181e-05	0.0
k__Bacteria;p__Verrucomicrobia;c__Verrucomicrobiae	0.00208970657934	0.00439679325363	0.00260619107417	0.00453763540843	0.0107754420307	0.00430580229442	0.00861811261875	0.00380865452433	0.00382517938682	0.00352366125981	0.00286024962179	0.00394946660568	0.00780234070221	0.00388031964319	0.00486096474904	0.00806600125226	0.00298845083194	0.00234628634617	0.00175335393191	0.00719080198135	0.00665140551963	0.00879243969811	0.00329881853179	0.00326988122948	0.00169476667738	0.00430139424503	0.00252873236635	0.00223487414928	0.00639963284975	0.0045219826706
k__Bacteria;p__Verrucomicrobia;c__[Methylacidiphilae]	0.000366237235555	0.000388360287387	0.00034882098507	0.000148774931424	0.000511005848534	0.000346270813887	0.000678074850714	0.000464672447413	0.000667971298108	0.000385008118649	0.000338817448311	0.000537720805469	0.0	0.000542650065044	0.000542598463684	0.000270094410273	0.000355884030557	0.00199186242681	0.000668216319327	0.00031039433013	0.000400204904911	0.000195750048938	0.000803132881986	0.000267216100473	0.00133438525748	0.000392622192751	0.000568254464349	0.000667428478971	0.000229468906963	0.000175044490475
k__Bacteria;p__Verrucomicrobia;c__[Pedosphaerae]	0.0326597440648	0.0402923798164	0.0398901712213	0.0277186294109	0.0381919470391	0.0376381319442	0.0422520834397	0.016280131104	0.0422909328115	0.0226987395169	0.0349060766515	0.0293954040323	0.0312093628088	0.0599070804683	0.0389415294102	0.0422083901145	0.0254140198808	0.0383415795965	0.0247354263163	0.0229691804296	0.0456873919447	0.0256650064163	0.0377140581442	0.0144929574494	0.0517975240822	0.0311916519797	0.0274040715432	0.0252712692265	0.0227684148798	0.0307932432827
k__Bacteria;p__Verrucomicrobia;c__[Spartobacteria]	0.0641992330561	0.0685872007545	0.0582680539776	0.0944813798875	0.0411485190175	0.041176116347	0.143503970019	0.0440940961706	0.109562948467	0.0639866753712	0.0550302571861	0.0723141772872	0.0520156046814	0.0502657498606	0.114313388729	0.0631775379667	0.0719129497911	0.119221117995	0.0612074726003	0.0528834339959	0.105213869501	0.062988015747	0.0600159299084	0.0752564922964	0.0930855467571	0.168853717696	0.051739568979	0.0159879458372	0.0232273526937	0.0476558625317
k__Bacteria;p__WPS-2;c__	0.000646301003921	2.77400205276e-05	9.96631385916e-06	4.649216607e-05	6.40759684682e-06	7.52762638885e-05	5.10378919892e-05	7.46795004771e-05	0.000422700587084	6.69579336782e-05	1.57589510842e-05	0.000111252580442	0.0	7.43356253484e-06	5.3811417886e-05	6.1385093244e-05	2.43756185313e-05	0.00190680068616	3.99787541478e-05	2.58661941775e-05	4.80245885894e-05	5.98125149531e-05	9.29244656843e-05	0.000203928076677	6.81802686303e-05	4.36246880835e-05	0.0	8.09004216934e-05	5.09930904362e-05	0.000116696326983
k__Bacteria;p__WS1;c__	0.0	0.0	0.0	0.0	5.33966403902e-07	0.0	0.0	0.0	0.0	0.0	0.0	0.0	0.0	0.0	0.0	0.0	0.0	0.0	0.0	0.0	0.0	0.0	2.65498473384e-05	0.0	0.0	0.0	0.0	0.0	0.0	0.0
k__Bacteria;p__WS2;c__Kazan-3B-09	2.15433667974e-05	0.0	0.0	0.0	0.0	0.0	0.0	0.0	0.0	0.0	7.87947554211e-06	0.0	0.0	0.0	0.0	0.0	0.0	0.0	0.0	0.0	0.0	0.0	0.0	0.0	0.0	0.0	2.84127232175e-05	0.0	2.54965452181e-05	0.0
k__Bacteria;p__WS2;c__SHA-109	4.30867335947e-05	8.32200615828e-05	9.96631385916e-06	3.7193732856e-05	1.60189921171e-06	4.51657583331e-05	7.29112742703e-06	3.31908891009e-05	5.21852576647e-06	3.34789668391e-05	0.0	2.47227956537e-05	0.0	0.0	8.96856964767e-06	1.22770186488e-05	5.36263607689e-05	1.41769567745e-05	0.0	2.58661941775e-05	1.60081961965e-05	5.43750135938e-06	6.63746183459e-06	4.92240185082e-05	3.8960153503e-05	0.0	2.84127232175e-05	1.01125527117e-05	0.0	0.0
k__Bacteria;p__WS3;c__PRR-12	0.00271446421647	0.00472967349996	0.0110925073252	0.00247338323492	0.0106969489694	0.0272198970221	0.0112793741296	0.0130689125835	0.00458708414873	0.00870453137816	0.0185561649017	0.00603854283842	0.00650195058518	0.0301579632039	0.0112062277748	0.00338845714707	0.0136698468724	0.00165161546422	0.0196752582913	0.00799265400085	0.00548280719729	0.00595406398852	0.00860878799947	0.00203224876413	0.0080744918135	0.00785244385503	0.0200309698683	0.00598663120532	0.000433441268708	0.00493041981504
k__Bacteria;p__WS4;c__	0.0	0.0	9.96631385916e-06	0.0	1.0679328078e-06	0.0	0.0	0.0	0.0	0.0	0.0	0.0	0.0	0.0	0.0	0.0	4.87512370626e-06	0.0	5.71125059254e-06	0.0	0.0	0.0	0.000152661622196	0.0	0.0	0.0	0.0	0.0	0.0	0.0
k__Bacteria;p__ZB3;c__BS119	0.0	0.0	0.0	0.0	1.60189921171e-06	0.0	0.0	8.29772227524e-06	0.0	0.0	1.57589510842e-05	0.0	0.0	2.23006876045e-05	4.48428482383e-06	0.0	1.46253711188e-05	0.0	1.14225011851e-05	0.0	0.0	0.0	0.0	0.0	0.0	0.0	0.0	0.0	0.0	0.0
k__Bacteria;p__[Caldithrix];c__KSB1	0.0	0.0	0.000149494707887	0.0	9.07742886633e-06	0.000165607780555	6.56201468433e-05	1.65954445505e-05	9.39334637965e-05	5.85881919684e-05	0.000283661119516	7.41683869612e-05	0.0	0.000550083627579	5.82957027099e-05	0.000110493167839	5.85014844752e-05	7.08847838723e-06	0.000879532591252	0.00010346477671	0.000200102452456	0.000271875067969	0.000152661622196	7.03200264403e-06	0.0	1.74498752334e-05	0.000369365401827	0.000141575737964	0.0	0.00010210928611
k__Bacteria;p__[Thermi];c__Deinococci	0.0	0.0	0.0	9.298433214e-06	1.0679328078e-06	0.0	0.0	1.65954445505e-05	0.0	0.0	0.0	0.0	0.0	0.0	0.0	0.0	0.0	0.0	0.0	0.0	0.0	5.43750135938e-06	6.63746183459e-06	7.03200264403e-06	0.0	0.0	0.0	2.02251054234e-05	0.0	0.0